# BACKBENDING PLOT                                                              
    0.0021   65.3648                                                            
    0.0111   66.4450                                                            
    0.0259   68.3947                                                            
    0.0443   71.2374                                                            
    0.0641   75.0588                                                            
    0.0823   80.1507                                                            
    0.0916   89.2141                                                            
    0.0452  145.7823                                                            
    0.0541  150.4938                                                            
    0.0791  138.6469                                                            
    0.1082  130.7134                                                            
    0.1387  126.2023                                                            
    0.1674  124.6331                                                            
    0.1918  125.5776                                                            
    0.2128  127.8884                                                            
