# ENRGIES RELATIVE TO -1.2069                                                   
# YRAST                                                                         
  0.0    0.0000                                                                 
  2.0    0.0918                                                                 
  4.0    0.3025                                                                 
  6.0    0.6242                                                                 
  8.0    1.0453                                                                 
 10.0    1.5516                                                                 
 12.0    2.1255                                                                 
 14.0    2.7308                                                                 
 16.0    3.1560                                                                 
 18.0    3.6212                                                                 
 20.0    4.1838                                                                 
 22.0    4.8417                                                                 
 24.0    5.5865                                                                 
 26.0    6.4049                                                                 
 28.0    7.2809                                                                 
 30.0    8.2036                                                                 
&                                                                               
# BAND: 63   K =  0                                                             
  0.0    0.0289                                                                 
  2.0    0.1202                                                                 
  4.0    0.3319                                                                 
  6.0    0.6602                                                                 
  8.0    1.1000                                                                 
 10.0    1.6450                                                                 
 12.0    2.2882                                                                 
 14.0    3.0223                                                                 
 16.0    3.8399                                                                 
 18.0    4.7337                                                                 
 20.0    5.6972                                                                 
 22.0    6.7242                                                                 
 24.0    7.8094                                                                 
 26.0    8.9486                                                                 
 28.0   10.1385                                                                 
 30.0   11.3769                                                                 
&                                                                               
# BAND:  1   K = -1                                                             
  2.0    2.5024                                                                 
  4.0    2.3463                                                                 
  6.0    2.2356                                                                 
  8.0    2.2360                                                                 
 10.0    2.3686                                                                 
 12.0    2.6311                                                                 
 14.0    3.0135                                                                 
 16.0    3.5062                                                                 
 18.0    4.1013                                                                 
 20.0    4.7934                                                                 
 22.0    5.5781                                                                 
 24.0    6.4521                                                                 
 26.0    7.4123                                                                 
 28.0    8.4562                                                                 
 30.0    9.5812                                                                 
&                                                                               
# BAND:  2   K =  1                                                             
  2.0    2.7609                                                                 
  4.0    2.5964                                                                 
  6.0    2.4696                                                                 
  8.0    2.4409                                                                 
 10.0    2.5279                                                                 
 12.0    2.7275                                                                 
 14.0    3.0324                                                                 
 16.0    3.4372                                                                 
 18.0    3.9393                                                                 
 20.0    4.5377                                                                 
 22.0    5.2321                                                                 
 24.0    6.0217                                                                 
 26.0    6.9050                                                                 
 28.0    7.8800                                                                 
 30.0    8.9443                                                                 
&                                                                               
# BAND:  3   K =  3                                                             
  4.0    3.4702                                                                 
  6.0    3.3642                                                                 
  8.0    3.3198                                                                 
 10.0    3.3655                                                                 
 12.0    3.5126                                                                 
 14.0    3.7632                                                                 
 16.0    4.1165                                                                 
 18.0    4.5706                                                                 
 20.0    5.1234                                                                 
 22.0    5.7730                                                                 
 24.0    6.5173                                                                 
 26.0    7.3544                                                                 
 28.0    8.2824                                                                 
 30.0    9.2994                                                                 
&                                                                               
# BAND:  4   K = -5                                                             
  6.0    3.4411                                                                 
  8.0    3.3469                                                                 
 10.0    3.3836                                                                 
 12.0    3.5600                                                                 
 14.0    3.8723                                                                 
 16.0    4.3123                                                                 
 18.0    4.8713                                                                 
 20.0    5.5411                                                                 
 22.0    6.3145                                                                 
 24.0    7.1850                                                                 
 26.0    8.1468                                                                 
 28.0    9.1948                                                                 
 30.0   10.3245                                                                 
&                                                                               
# BAND:  5   K = -3                                                             
  4.0    3.7482                                                                 
  6.0    3.7772                                                                 
  8.0    3.8371                                                                 
 10.0    3.9329                                                                 
 12.0    4.0695                                                                 
 14.0    4.2565                                                                 
 16.0    4.5100                                                                 
 18.0    4.8482                                                                 
 20.0    5.2867                                                                 
 22.0    5.8358                                                                 
 24.0    6.5003                                                                 
 26.0    7.2801                                                                 
 28.0    8.1724                                                                 
 30.0    9.1726                                                                 
&                                                                               
# BAND:  6   K = -1                                                             
  2.0    3.9102                                                                 
  4.0    3.7350                                                                 
  6.0    3.5834                                                                 
  8.0    3.5095                                                                 
 10.0    3.5298                                                                 
 12.0    3.6460                                                                 
 14.0    3.8575                                                                 
 16.0    4.1656                                                                 
 18.0    4.5721                                                                 
 20.0    5.0784                                                                 
 22.0    5.6845                                                                 
 24.0    6.3893                                                                 
 26.0    7.1910                                                                 
 28.0    8.0876                                                                 
 30.0    9.0770                                                                 
&                                                                               
# BAND:  7   K =  7                                                             
  8.0    4.0105                                                                 
 10.0    4.0501                                                                 
 12.0    4.2334                                                                 
 14.0    4.5577                                                                 
 16.0    5.0145                                                                 
 18.0    5.5939                                                                 
 20.0    6.2864                                                                 
 22.0    7.0836                                                                 
 24.0    7.9780                                                                 
 26.0    8.9629                                                                 
 28.0   10.0323                                                                 
 30.0   11.1812                                                                 
&                                                                               
# BAND:  8   K =  0                                                             
  0.0    1.6690                                                                 
  2.0    1.7201                                                                 
  4.0    1.8345                                                                 
  6.0    2.0036                                                                 
  8.0    2.2209                                                                 
 10.0    2.4857                                                                 
 12.0    2.8038                                                                 
 14.0    3.1853                                                                 
 16.0    3.6409                                                                 
 18.0    4.1797                                                                 
 20.0    4.8076                                                                 
 22.0    5.5279                                                                 
 24.0    6.3413                                                                 
 26.0    7.2473                                                                 
 28.0    8.2440                                                                 
 30.0    9.3293                                                                 
&                                                                               
# BAND:  9   K =  6                                                             
  6.0    2.3860                                                                 
  8.0    2.6854                                                                 
 10.0    3.0609                                                                 
 12.0    3.5121                                                                 
 14.0    4.0398                                                                 
 16.0    4.6456                                                                 
 18.0    5.3311                                                                 
 20.0    6.0978                                                                 
 22.0    6.9462                                                                 
 24.0    7.8762                                                                 
 26.0    8.8867                                                                 
 28.0    9.9759                                                                 
 30.0   11.1414                                                                 
&                                                                               
# BAND: 10   K = -4                                                             
  4.0    2.4921                                                                 
  6.0    2.6959                                                                 
  8.0    2.9647                                                                 
 10.0    3.2945                                                                 
 12.0    3.6838                                                                 
 14.0    4.1342                                                                 
 16.0    4.6491                                                                 
 18.0    5.2325                                                                 
 20.0    5.8883                                                                 
 22.0    6.6191                                                                 
 24.0    7.4264                                                                 
 26.0    8.3105                                                                 
 28.0    9.2714                                                                 
 30.0   10.3086                                                                 
&                                                                               
# BAND: 11   K = -2                                                             
  2.0    3.0083                                                                 
  4.0    3.0987                                                                 
  6.0    3.1930                                                                 
  8.0    3.2613                                                                 
 10.0    3.3076                                                                 
 12.0    3.3703                                                                 
 14.0    3.4994                                                                 
 16.0    3.7332                                                                 
 18.0    4.0912                                                                 
 20.0    4.5785                                                                 
 22.0    5.1916                                                                 
 24.0    5.9239                                                                 
 26.0    6.7678                                                                 
 28.0    7.7160                                                                 
 30.0    8.7621                                                                 
&                                                                               
# BAND: 12   K =  2                                                             
  2.0    3.1311                                                                 
  4.0    3.1827                                                                 
  6.0    3.2392                                                                 
  8.0    3.2926                                                                 
 10.0    3.3570                                                                 
 12.0    3.4646                                                                 
 14.0    3.6498                                                                 
 16.0    3.9377                                                                 
 18.0    4.3415                                                                 
 20.0    4.8646                                                                 
 22.0    5.5052                                                                 
 24.0    6.2587                                                                 
 26.0    7.1199                                                                 
 28.0    8.0834                                                                 
 30.0    9.1440                                                                 
&                                                                               
# BAND: 13   K =  0                                                             
  0.0    2.3203                                                                 
  2.0    2.4334                                                                 
  4.0    2.6645                                                                 
  6.0    2.9441                                                                 
  8.0    3.1960                                                                 
 10.0    3.3836                                                                 
 12.0    3.5319                                                                 
 14.0    3.7021                                                                 
 16.0    3.9512                                                                 
 18.0    4.3125                                                                 
 20.0    4.7980                                                                 
 22.0    5.4068                                                                 
 24.0    6.1328                                                                 
 26.0    6.9681                                                                 
 28.0    7.9054                                                                 
 30.0    8.9384                                                                 
&                                                                               
# BAND: 14   K =  4                                                             
  4.0    3.6072                                                                 
  6.0    3.7449                                                                 
  8.0    3.8736                                                                 
 10.0    3.9886                                                                 
 12.0    4.1163                                                                 
 14.0    4.2977                                                                 
 16.0    4.5687                                                                 
 18.0    4.9506                                                                 
 20.0    5.4514                                                                 
 22.0    6.0708                                                                 
 24.0    6.8044                                                                 
 26.0    7.6462                                                                 
 28.0    8.5902                                                                 
 30.0    9.6308                                                                 
&                                                                               
# BAND: 15   K =  2                                                             
  2.0    3.3120                                                                 
  4.0    3.4369                                                                 
  6.0    3.6047                                                                 
  8.0    3.7927                                                                 
 10.0    3.9904                                                                 
 12.0    4.2053                                                                 
 14.0    4.4573                                                                 
 16.0    4.7691                                                                 
 18.0    5.1587                                                                 
 20.0    5.6364                                                                 
 22.0    6.2067                                                                 
 24.0    6.8704                                                                 
 26.0    7.6274                                                                 
 28.0    8.4769                                                                 
 30.0    9.4187                                                                 
&                                                                               
# BAND: 16   K =  0                                                             
  0.0    3.1253                                                                 
  2.0    3.2151                                                                 
  4.0    3.4045                                                                 
  6.0    3.6531                                                                 
  8.0    3.9198                                                                 
 10.0    4.1830                                                                 
 12.0    4.4486                                                                 
 14.0    4.7407                                                                 
 16.0    5.0864                                                                 
 18.0    5.5043                                                                 
 20.0    6.0028                                                                 
 22.0    6.5832                                                                 
 24.0    7.2441                                                                 
 26.0    7.9848                                                                 
 28.0    8.8062                                                                 
 30.0    9.7110                                                                 
&                                                                               
# BAND: 17   K =  1                                                             
  2.0    2.2372                                                                 
  4.0    2.2257                                                                 
  6.0    2.2685                                                                 
  8.0    2.4068                                                                 
 10.0    2.6634                                                                 
 12.0    3.0447                                                                 
 14.0    3.5472                                                                 
 16.0    4.1631                                                                 
 18.0    4.8831                                                                 
 20.0    5.6975                                                                 
 22.0    6.5974                                                                 
 24.0    7.5743                                                                 
 26.0    8.6208                                                                 
 28.0    9.7305                                                                 
 30.0   10.8979                                                                 
&                                                                               
# BAND: 18   K = -3                                                             
  4.0    2.9872                                                                 
  6.0    3.1506                                                                 
  8.0    3.3790                                                                 
 10.0    3.6775                                                                 
 12.0    4.0513                                                                 
 14.0    4.5051                                                                 
 16.0    5.0419                                                                 
 18.0    5.6629                                                                 
 20.0    6.3673                                                                 
 22.0    7.1524                                                                 
 24.0    8.0144                                                                 
 26.0    8.9487                                                                 
 28.0    9.9504                                                                 
 30.0   11.0145                                                                 
&                                                                               
# BAND: 19   K =  5                                                             
  6.0    3.2431                                                                 
  8.0    3.4884                                                                 
 10.0    3.8122                                                                 
 12.0    4.2198                                                                 
 14.0    4.7148                                                                 
 16.0    5.2988                                                                 
 18.0    5.9709                                                                 
 20.0    6.7289                                                                 
 22.0    7.5688                                                                 
 24.0    8.4858                                                                 
 26.0    9.4746                                                                 
 28.0   10.5301                                                                 
 30.0   11.6472                                                                 
&                                                                               
# BAND: 20   K = -1                                                             
  2.0    3.1416                                                                 
  4.0    3.0823                                                                 
  6.0    3.0650                                                                 
  8.0    3.1376                                                                 
 10.0    3.3245                                                                 
 12.0    3.6317                                                                 
 14.0    4.0560                                                                 
 16.0    4.5902                                                                 
 18.0    5.2264                                                                 
 20.0    5.9564                                                                 
 22.0    6.7725                                                                 
 24.0    7.6672                                                                 
 26.0    8.6336                                                                 
 28.0    9.6652                                                                 
 30.0   10.7563                                                                 
&                                                                               
# BAND: 21   K =  7                                                             
  8.0    3.5604                                                                 
 10.0    3.7003                                                                 
 12.0    3.9924                                                                 
 14.0    4.4304                                                                 
 16.0    5.0020                                                                 
 18.0    5.6934                                                                 
 20.0    6.4912                                                                 
 22.0    7.3834                                                                 
 24.0    8.3588                                                                 
 26.0    9.4080                                                                 
 28.0   10.5228                                                                 
 30.0   11.6967                                                                 
&                                                                               
# BAND: 22   K = -5                                                             
  6.0    3.8729                                                                 
  8.0    4.0890                                                                 
 10.0    4.3737                                                                 
 12.0    4.7336                                                                 
 14.0    5.1744                                                                 
 16.0    5.6999                                                                 
 18.0    6.3115                                                                 
 20.0    7.0085                                                                 
 22.0    7.7881                                                                 
 24.0    8.6459                                                                 
 26.0    9.5770                                                                 
 28.0   10.5762                                                                 
 30.0   11.6381                                                                 
&                                                                               
# BAND: 23   K =  0                                                             
  0.0    1.9203                                                                 
  2.0    1.9774                                                                 
  4.0    2.1103                                                                 
  6.0    2.3191                                                                 
  8.0    2.6042                                                                 
 10.0    2.9668                                                                 
 12.0    3.4089                                                                 
 14.0    3.9321                                                                 
 16.0    4.5376                                                                 
 18.0    5.2251                                                                 
 20.0    5.9927                                                                 
 22.0    6.8376                                                                 
 24.0    7.7556                                                                 
 26.0    8.7421                                                                 
 28.0    9.7923                                                                 
 30.0   10.9017                                                                 
&                                                                               
# BAND: 24   K = -8                                                             
  8.0    2.2892                                                                 
 10.0    2.7707                                                                 
 12.0    3.3463                                                                 
 14.0    4.0122                                                                 
 16.0    4.7638                                                                 
 18.0    5.5962                                                                 
 20.0    6.5042                                                                 
 22.0    7.4823                                                                 
 24.0    8.5252                                                                 
 26.0    9.6278                                                                 
 28.0   10.7858                                                                 
 30.0   11.9958                                                                 
&                                                                               
# BAND: 25   K =  0                                                             
  0.0    2.0978                                                                 
  2.0    2.1786                                                                 
  4.0    2.3644                                                                 
  6.0    2.6495                                                                 
  8.0    3.0265                                                                 
 10.0    3.4881                                                                 
 12.0    4.0281                                                                 
 14.0    4.6417                                                                 
 16.0    5.3256                                                                 
 18.0    6.0773                                                                 
 20.0    6.8948                                                                 
 22.0    7.7764                                                                 
 24.0    8.7199                                                                 
 26.0    9.7230                                                                 
 28.0   10.7835                                                                 
 30.0   11.8992                                                                 
&                                                                               
# BAND: 26   K = -4                                                             
  4.0    2.9353                                                                 
  6.0    3.0977                                                                 
  8.0    3.3248                                                                 
 10.0    3.6217                                                                 
 12.0    3.9937                                                                 
 14.0    4.4458                                                                 
 16.0    4.9810                                                                 
 18.0    5.6008                                                                 
 20.0    6.3042                                                                 
 22.0    7.0887                                                                 
 24.0    7.9506                                                                 
 26.0    8.8850                                                                 
 28.0    9.8869                                                                 
 30.0   10.9515                                                                 
&                                                                               
# BAND: 27   K =  4                                                             
  4.0    3.1396                                                                 
  6.0    3.3154                                                                 
  8.0    3.5639                                                                 
 10.0    3.8910                                                                 
 12.0    4.3016                                                                 
 14.0    4.7990                                                                 
 16.0    5.3846                                                                 
 18.0    6.0576                                                                 
 20.0    6.8158                                                                 
 22.0    7.6552                                                                 
 24.0    8.5711                                                                 
 26.0    9.5585                                                                 
 28.0   10.6122                                                                 
 30.0   11.7274                                                                 
&                                                                               
# BAND: 28   K =  6                                                             
  6.0    3.0971                                                                 
  8.0    3.4311                                                                 
 10.0    3.8483                                                                 
 12.0    4.3467                                                                 
 14.0    4.9242                                                                 
 16.0    5.5789                                                                 
 18.0    6.3089                                                                 
 20.0    7.1115                                                                 
 22.0    7.9837                                                                 
 24.0    8.9217                                                                 
 26.0    9.9217                                                                 
 28.0   10.9798                                                                 
 30.0   12.0925                                                                 
&                                                                               
# BAND: 29   K = -2                                                             
  2.0    3.3853                                                                 
  4.0    3.4521                                                                 
  6.0    3.5588                                                                 
  8.0    3.7124                                                                 
 10.0    3.9257                                                                 
 12.0    4.2142                                                                 
 14.0    4.5919                                                                 
 16.0    5.0683                                                                 
 18.0    5.6473                                                                 
 20.0    6.3278                                                                 
 22.0    7.1054                                                                 
 24.0    7.9733                                                                 
 26.0    8.9241                                                                 
 28.0    9.9499                                                                 
 30.0   11.0437                                                                 
&                                                                               
# BAND: 30   K = -2                                                             
  2.0    3.7721                                                                 
  4.0    3.8696                                                                 
  6.0    4.0262                                                                 
  8.0    4.2464                                                                 
 10.0    4.5358                                                                 
 12.0    4.9003                                                                 
 14.0    5.3449                                                                 
 16.0    5.8731                                                                 
 18.0    6.4860                                                                 
 20.0    7.1829                                                                 
 22.0    7.9610                                                                 
 24.0    8.8164                                                                 
 26.0    9.7444                                                                 
 28.0   10.7398                                                                 
 30.0   11.7978                                                                 
&                                                                               
# BAND: 31   K =  0                                                             
  0.0    4.0051                                                                 
  2.0    4.0901                                                                 
  4.0    4.2720                                                                 
  6.0    4.5116                                                                 
  8.0    4.7542                                                                 
 10.0    4.9498                                                                 
 12.0    5.0823                                                                 
 14.0    5.1832                                                                 
 16.0    5.3129                                                                 
 18.0    5.5274                                                                 
 20.0    5.8598                                                                 
 22.0    6.3212                                                                 
 24.0    6.9100                                                                 
 26.0    7.6194                                                                 
 28.0    8.4416                                                                 
 30.0    9.3697                                                                 
&                                                                               
# BAND: 32   K = -4                                                             
  4.0    5.0930                                                                 
  6.0    5.1400                                                                 
  8.0    5.2157                                                                 
 10.0    5.3287                                                                 
 12.0    5.4874                                                                 
 14.0    5.7002                                                                 
 16.0    5.9742                                                                 
 18.0    6.3160                                                                 
 20.0    6.7307                                                                 
 22.0    7.2227                                                                 
 24.0    7.7955                                                                 
 26.0    8.4519                                                                 
 28.0    9.1936                                                                 
 30.0   10.0217                                                                 
&                                                                               
# BAND: 33   K =  4                                                             
  4.0    5.3394                                                                 
  6.0    5.3804                                                                 
  8.0    5.4511                                                                 
 10.0    5.5625                                                                 
 12.0    5.7254                                                                 
 14.0    5.9494                                                                 
 16.0    6.2426                                                                 
 18.0    6.6112                                                                 
 20.0    7.0599                                                                 
 22.0    7.5922                                                                 
 24.0    8.2108                                                                 
 26.0    8.9177                                                                 
 28.0    9.7138                                                                 
 30.0   10.5997                                                                 
&                                                                               
# BAND: 34   K = -2                                                             
  2.0    5.2851                                                                 
  4.0    5.3082                                                                 
  6.0    5.3194                                                                 
  8.0    5.3082                                                                 
 10.0    5.2865                                                                 
 12.0    5.2864                                                                 
 14.0    5.3460                                                                 
 16.0    5.4949                                                                 
 18.0    5.7485                                                                 
 20.0    6.1111                                                                 
 22.0    6.5806                                                                 
 24.0    7.1527                                                                 
 26.0    7.8229                                                                 
 28.0    8.5876                                                                 
 30.0    9.4439                                                                 
&                                                                               
# BAND: 35   K =  6                                                             
  6.0    5.5959                                                                 
  8.0    5.6819                                                                 
 10.0    5.7587                                                                 
 12.0    5.8448                                                                 
 14.0    5.9704                                                                 
 16.0    6.1656                                                                 
 18.0    6.4527                                                                 
 20.0    6.8442                                                                 
 22.0    7.3455                                                                 
 24.0    7.9569                                                                 
 26.0    8.6767                                                                 
 28.0    9.5017                                                                 
 30.0   10.4284                                                                 
&                                                                               
# BAND: 36   K = -1                                                             
  2.0    4.2043                                                                 
  4.0    4.1502                                                                 
  6.0    4.1092                                                                 
  8.0    4.1146                                                                 
 10.0    4.1886                                                                 
 12.0    4.3424                                                                 
 14.0    4.5797                                                                 
 16.0    4.9009                                                                 
 18.0    5.3048                                                                 
 20.0    5.7908                                                                 
 22.0    6.3587                                                                 
 24.0    7.0090                                                                 
 26.0    7.7428                                                                 
 28.0    8.5611                                                                 
 30.0    9.4648                                                                 
&                                                                               
# BAND: 37   K = -9                                                             
 10.0    4.6411                                                                 
 12.0    4.7447                                                                 
 14.0    4.9699                                                                 
 16.0    5.3100                                                                 
 18.0    5.7580                                                                 
 20.0    6.3077                                                                 
 22.0    6.9549                                                                 
 24.0    7.6965                                                                 
 26.0    8.5301                                                                 
 28.0    9.4541                                                                 
 30.0   10.4670                                                                 
&                                                                               
# BAND: 38   K = -1                                                             
  2.0    4.5237                                                                 
  4.0    4.4099                                                                 
  6.0    4.3258                                                                 
  8.0    4.3258                                                                 
 10.0    4.4332                                                                 
 12.0    4.6500                                                                 
 14.0    4.9691                                                                 
 16.0    5.3814                                                                 
 18.0    5.8784                                                                 
 20.0    6.4538                                                                 
 22.0    7.1036                                                                 
 24.0    7.8259                                                                 
 26.0    8.6206                                                                 
 28.0    9.4888                                                                 
 30.0   10.4323                                                                 
&                                                                               
# BAND: 39   K = -5                                                             
  6.0    5.1302                                                                 
  8.0    5.1982                                                                 
 10.0    5.3030                                                                 
 12.0    5.4537                                                                 
 14.0    5.6589                                                                 
 16.0    5.9261                                                                 
 18.0    6.2617                                                                 
 20.0    6.6712                                                                 
 22.0    7.1586                                                                 
 24.0    7.7275                                                                 
 26.0    8.3805                                                                 
 28.0    9.1193                                                                 
 30.0    9.9449                                                                 
&                                                                               
# BAND: 40   K =  3                                                             
  4.0    5.3632                                                                 
  6.0    5.4038                                                                 
  8.0    5.4745                                                                 
 10.0    5.5863                                                                 
 12.0    5.7500                                                                 
 14.0    5.9754                                                                 
 16.0    6.2703                                                                 
 18.0    6.6408                                                                 
 20.0    7.0915                                                                 
 22.0    7.6259                                                                 
 24.0    8.2465                                                                 
 26.0    8.9551                                                                 
 28.0    9.7528                                                                 
 30.0   10.6401                                                                 
&                                                                               
# BAND: 41   K =  5                                                             
  6.0    5.4400                                                                 
  8.0    5.4771                                                                 
 10.0    5.5771                                                                 
 12.0    5.7522                                                                 
 14.0    6.0080                                                                 
 16.0    6.3462                                                                 
 18.0    6.7665                                                                 
 20.0    7.2680                                                                 
 22.0    7.8499                                                                 
 24.0    8.5121                                                                 
 26.0    9.2547                                                                 
 28.0   10.0781                                                                 
 30.0   10.9830                                                                 
&                                                                               
# BAND: 42   K = -3                                                             
  4.0    5.5800                                                                 
  6.0    5.6187                                                                 
  8.0    5.6715                                                                 
 10.0    5.7410                                                                 
 12.0    5.8339                                                                 
 14.0    5.9617                                                                 
 16.0    6.1390                                                                 
 18.0    6.3812                                                                 
 20.0    6.7023                                                                 
 22.0    7.1132                                                                 
 24.0    7.6217                                                                 
 26.0    8.2323                                                                 
 28.0    8.9471                                                                 
 30.0    9.7659                                                                 
&                                                                               
# BAND: 43   K =  2                                                             
  2.0    4.6472                                                                 
  4.0    4.6536                                                                 
  6.0    4.6475                                                                 
  8.0    4.6277                                                                 
 10.0    4.6107                                                                 
 12.0    4.6252                                                                 
 14.0    4.6999                                                                 
 16.0    4.8557                                                                 
 18.0    5.1050                                                                 
 20.0    5.4538                                                                 
 22.0    5.9053                                                                 
 24.0    6.4608                                                                 
 26.0    7.1206                                                                 
 28.0    7.8843                                                                 
 30.0    8.7506                                                                 
&                                                                               
# BAND: 44   K = -2                                                             
  2.0    5.5328                                                                 
  4.0    5.5464                                                                 
  6.0    5.5747                                                                 
  8.0    5.6253                                                                 
 10.0    5.7066                                                                 
 12.0    5.8270                                                                 
 14.0    5.9942                                                                 
 16.0    6.2150                                                                 
 18.0    6.4955                                                                 
 20.0    6.8411                                                                 
 22.0    7.2571                                                                 
 24.0    7.7489                                                                 
 26.0    8.3217                                                                 
 28.0    8.9799                                                                 
 30.0    9.7270                                                                 
&                                                                               
# BAND: 45   K =  6                                                             
  6.0    5.7277                                                                 
  8.0    5.7593                                                                 
 10.0    5.8237                                                                 
 12.0    5.9320                                                                 
 14.0    6.0938                                                                 
 16.0    6.3169                                                                 
 18.0    6.6072                                                                 
 20.0    6.9702                                                                 
 22.0    7.4110                                                                 
 24.0    7.9346                                                                 
 26.0    8.5460                                                                 
 28.0    9.2491                                                                 
 30.0   10.0469                                                                 
&                                                                               
# BAND: 46   K =  0                                                             
  0.0    4.9674                                                                 
  2.0    5.0432                                                                 
  4.0    5.2076                                                                 
  6.0    5.4292                                                                 
  8.0    5.6592                                                                 
 10.0    5.8434                                                                 
 12.0    5.9494                                                                 
 14.0    5.9911                                                                 
 16.0    6.0227                                                                 
 18.0    6.1056                                                                 
 20.0    6.2823                                                                 
 22.0    6.5724                                                                 
 24.0    6.9802                                                                 
 26.0    7.5036                                                                 
 28.0    8.1385                                                                 
 30.0    8.8808                                                                 
&                                                                               
# BAND: 47   K =  8                                                             
  8.0    5.6195                                                                 
 10.0    5.7331                                                                 
 12.0    5.8294                                                                 
 14.0    5.9365                                                                 
 16.0    6.0843                                                                 
 18.0    6.2971                                                                 
 20.0    6.5922                                                                 
 22.0    6.9822                                                                 
 24.0    7.4758                                                                 
 26.0    8.0784                                                                 
 28.0    8.7925                                                                 
 30.0    9.6179                                                                 
&                                                                               
# BAND: 48   K =  1                                                             
  2.0    4.4359                                                                 
  4.0    4.3701                                                                 
  6.0    4.3116                                                                 
  8.0    4.2932                                                                 
 10.0    4.3360                                                                 
 12.0    4.4500                                                                 
 14.0    4.6385                                                                 
 16.0    4.9015                                                                 
 18.0    5.2384                                                                 
 20.0    5.6493                                                                 
 22.0    6.1357                                                                 
 24.0    6.7002                                                                 
 26.0    7.3466                                                                 
 28.0    8.0786                                                                 
 30.0    8.8994                                                                 
&                                                                               
# BAND: 49   K = -7                                                             
  8.0    4.8414                                                                 
 10.0    4.8585                                                                 
 12.0    4.9621                                                                 
 14.0    5.1559                                                                 
 16.0    5.4403                                                                 
 18.0    5.8153                                                                 
 20.0    6.2815                                                                 
 22.0    6.8401                                                                 
 24.0    7.4926                                                                 
 26.0    8.2399                                                                 
 28.0    9.0826                                                                 
 30.0   10.0207                                                                 
&                                                                               
# BAND: 50   K =  1                                                             
  2.0    4.6822                                                                 
  4.0    4.5571                                                                 
  6.0    4.4549                                                                 
  8.0    4.4274                                                                 
 10.0    4.4950                                                                 
 12.0    4.6595                                                                 
 14.0    4.9156                                                                 
 16.0    5.2570                                                                 
 18.0    5.6784                                                                 
 20.0    6.1763                                                                 
 22.0    6.7482                                                                 
 24.0    7.3936                                                                 
 26.0    8.1134                                                                 
 28.0    8.9094                                                                 
 30.0    9.7844                                                                 
&                                                                               
# BAND: 51   K = -3                                                             
  4.0    5.5326                                                                 
  6.0    5.5613                                                                 
  8.0    5.6122                                                                 
 10.0    5.6936                                                                 
 12.0    5.8140                                                                 
 14.0    5.9808                                                                 
 16.0    6.2011                                                                 
 18.0    6.4807                                                                 
 20.0    6.8253                                                                 
 22.0    7.2400                                                                 
 24.0    7.7304                                                                 
 26.0    8.3016                                                                 
 28.0    8.9583                                                                 
 30.0    9.7039                                                                 
&                                                                               
# BAND: 52   K =  5                                                             
  6.0    5.7284                                                                 
  8.0    5.7699                                                                 
 10.0    5.8447                                                                 
 12.0    5.9631                                                                 
 14.0    6.1342                                                                 
 16.0    6.3654                                                                 
 18.0    6.6628                                                                 
 20.0    7.0319                                                                 
 22.0    7.4781                                                                 
 24.0    8.0065                                                                 
 26.0    8.6220                                                                 
 28.0    9.3287                                                                 
 30.0   10.1295                                                                 
&                                                                               
# BAND: 53   K =  7                                                             
  8.0    5.5825                                                                 
 10.0    5.6183                                                                 
 12.0    5.7239                                                                 
 14.0    5.9043                                                                 
 16.0    6.1612                                                                 
 18.0    6.4950                                                                 
 20.0    6.9065                                                                 
 22.0    7.3968                                                                 
 24.0    7.9674                                                                 
 26.0    8.6203                                                                 
 28.0    9.3577                                                                 
 30.0   10.1814                                                                 
&                                                                               
# BAND: 54   K = -1                                                             
  2.0    5.5918                                                                 
  4.0    5.5924                                                                 
  6.0    5.6154                                                                 
  8.0    5.6749                                                                 
 10.0    5.7770                                                                 
 12.0    5.9216                                                                 
 14.0    6.1064                                                                 
 16.0    6.3299                                                                 
 18.0    6.5932                                                                 
 20.0    6.9009                                                                 
 22.0    7.2612                                                                 
 24.0    7.6857                                                                 
 26.0    8.1880                                                                 
 28.0    8.7805                                                                 
 30.0    9.4731                                                                 
&                                                                               
# BAND: 55   K =  4                                                             
  4.0    5.1750                                                                 
  6.0    5.1989                                                                 
  8.0    5.2324                                                                 
 10.0    5.2832                                                                 
 12.0    5.3633                                                                 
 14.0    5.4873                                                                 
 16.0    5.6695                                                                 
 18.0    5.9226                                                                 
 20.0    6.2565                                                                 
 22.0    6.6788                                                                 
 24.0    7.1945                                                                 
 26.0    7.8067                                                                 
 28.0    8.5168                                                                 
 30.0    9.3255                                                                 
&                                                                               
# BAND: 56   K =  3                                                             
  4.0    5.0799                                                                 
  6.0    5.0631                                                                 
  8.0    5.0732                                                                 
 10.0    5.1269                                                                 
 12.0    5.2357                                                                 
 14.0    5.4069                                                                 
 16.0    5.6446                                                                 
 18.0    5.9513                                                                 
 20.0    6.3289                                                                 
 22.0    6.7797                                                                 
 24.0    7.3067                                                                 
 26.0    7.9130                                                                 
 28.0    8.6020                                                                 
 30.0    9.3766                                                                 
&                                                                               
# BAND: 57   K = -5                                                             
  6.0    5.4346                                                                 
  8.0    5.3747                                                                 
 10.0    5.3950                                                                 
 12.0    5.5091                                                                 
 14.0    5.7216                                                                 
 16.0    6.0326                                                                 
 18.0    6.4410                                                                 
 20.0    6.9452                                                                 
 22.0    7.5433                                                                 
 24.0    8.2339                                                                 
 26.0    9.0152                                                                 
 28.0    9.8858                                                                 
 30.0   10.8440                                                                 
&                                                                               
# BAND: 58   K =  3                                                             
  4.0    5.3487                                                                 
  6.0    5.2785                                                                 
  8.0    5.2544                                                                 
 10.0    5.3015                                                                 
 12.0    5.4314                                                                 
 14.0    5.6474                                                                 
 16.0    5.9480                                                                 
 18.0    6.3296                                                                 
 20.0    6.7888                                                                 
 22.0    7.3229                                                                 
 24.0    7.9303                                                                 
 26.0    8.6113                                                                 
 28.0    9.3670                                                                 
 30.0   10.1998                                                                 
&                                                                               
# BAND: 59   K = -4                                                             
  4.0    5.2471                                                                 
  6.0    5.2751                                                                 
  8.0    5.3130                                                                 
 10.0    5.3717                                                                 
 12.0    5.4701                                                                 
 14.0    5.6297                                                                 
 16.0    5.8700                                                                 
 18.0    6.2052                                                                 
 20.0    6.6441                                                                 
 22.0    7.1901                                                                 
 24.0    7.8435                                                                 
 26.0    8.6020                                                                 
 28.0    9.4623                                                                 
 30.0   10.4203                                                                 
&                                                                               
# BAND: 60   K = -5                                                             
  6.0    5.0935                                                                 
  8.0    5.0973                                                                 
 10.0    5.1545                                                                 
 12.0    5.2794                                                                 
 14.0    5.4806                                                                 
 16.0    5.7629                                                                 
 18.0    6.1293                                                                 
 20.0    6.5821                                                                 
 22.0    7.1231                                                                 
 24.0    7.7539                                                                 
 26.0    8.4754                                                                 
 28.0    9.2878                                                                 
 30.0   10.1903                                                                 
&                                                                               
# BAND: 61   K = -5                                                             
  6.0    5.3939                                                                 
  8.0    5.3395                                                                 
 10.0    5.3828                                                                 
 12.0    5.5359                                                                 
 14.0    5.7984                                                                 
 16.0    6.1639                                                                 
 18.0    6.6244                                                                 
 20.0    7.1729                                                                 
 22.0    7.8043                                                                 
 24.0    8.5155                                                                 
 26.0    9.3051                                                                 
 28.0   10.1729                                                                 
 30.0   11.1192                                                                 
&                                                                               
# BAND: 62   K = -2                                                             
  2.0    5.5759                                                                 
  4.0    5.6030                                                                 
  6.0    5.6398                                                                 
  8.0    5.6905                                                                 
 10.0    5.7692                                                                 
 12.0    5.8930                                                                 
 14.0    6.0735                                                                 
 16.0    6.3139                                                                 
 18.0    6.6115                                                                 
 20.0    6.9633                                                                 
 22.0    7.3712                                                                 
 24.0    7.8432                                                                 
 26.0    8.3911                                                                 
 28.0    9.0277                                                                 
 30.0    9.7635                                                                 
