                                                                                
 INPUT FILE: OO_DATA                                                            
                                                                                
******************** DATA                                                       
                                                                                
 PARTICLE NUMBERS (N,Z,A):  95  69 164       CORE (N,Z):  40  20                
 DEFORMATION PARAMETERS: EPS2 =  0.245       EPS4 = -0.002                      
 LIMIT OF QP STATES: NMAX =   8    8   32    (1N, 1P, 1NX1P)                    
 WINDOWS TO K AND E: KMAX = 13/2 11/2  12    EMAX =  2.50  2.60  3.30           
 SINGLE-PARTICLE SPACE NEUTRONS: 3 SHELLS  4  5  6  INTRUDER 6 LEVELS 28        
                        PROTONS: 3 SHELLS  3  4  5  INTRUDER 5 LEVELS 21        
 RANGE OF SPIN: JINI, JFIN, JDIF =   0  25   1      JOTMAX = 26                 
 PAIRING: G1, G2 =  20.12  13.13     G(QUADRUPOLE) = 0.16*G(MONOPOLE)           
 BETA-MESH: NDEG = 40   A RULE OF THUMB:  NDEG .GT. 1.3*JFIN                    
 LS FORCE: LSF = 1   1 FOR NILSSON ET AL AND 2 FOR ZHANG ET AL                  
 EFFECTIVE CHARGE: DELE = 0.50                                                  
                                                                                
                                                                                
******************** NILBCS                                                     
                                                                                
 LS FORCE: NILSSON ET AL                                                        
 NEUTRON SHELL, KAPPA AND MU:   4   0.06367   0.41298                           
 NEUTRON SHELL, KAPPA AND MU:   5   0.06367   0.41298                           
 NEUTRON SHELL, KAPPA AND MU:   6   0.06367   0.41298                           
                                                                                
 BCS: IT = 1  LAMBDA = 51.7899  DELTA =  0.7178  N (SUM 2.0*V(I)**2) = 55.0000  
                                                                                
 LS FORCE: NILSSON ET AL                                                        
 PROTON  SHELL, KAPPA AND MU:   3   0.06326   0.60364                           
 PROTON  SHELL, KAPPA AND MU:   4   0.06326   0.60364                           
 PROTON  SHELL, KAPPA AND MU:   5   0.06326   0.60364                           
                                                                                
 BCS: IT = 2  LAMBDA = 42.1032  DELTA =  0.7368  N (SUM 2.0*V(I)**2) = 49.0000  
                                                                                
******************** INTERA                                                     
                                                                                
  QUAD =  0.322565E-03    X_Q =  0.207144E-01  0.167374E-01  0.186200E-01       
   G_M =  0.109990E+00  0.135376E+00    G_Q =  0.175985E-01  0.216601E-01       
   Q_0 =  0.398296E+02  0.259850E+02    P_0 =  0.325655E+01 -0.273380E+00       
  XQ*Q =  0.130889E+01  0.117655E+01   GQ*P =  0.573103E-01 -0.592143E-02       
  W_HO =  0.801359E+01  0.720337E+01   B_HO =  0.227479E+01  0.239932E+01       
  EHFB = -0.564894E+03   Q_CL =  0.327436E+03   DELE = 0.50                     
                                                                                
******************** BASE11                                                     
                                                                                
  SINGLE-PARTICLE BASIS                                                         
  ~~~~~~~~~~~~~~~~~~~~~                                                         
                                                                                
 NO. 2*K ENERGY OF NILSSON LEVELS: 3 NEUTRON- AND 3 PROTON-SHELLS               
 --- --- ------                                                                 
          N=4         N=5         N=6         N=3         N=4         N=5       
  1    1 38.014    1 44.291    1 50.389    1 28.299    1 33.880    1 39.220     
  2   -3 38.818   -3 44.911   -3 50.878   -3 29.137   -3 34.501   -3 39.696     
  3    5 40.066    5 45.957    5 51.757    5 30.419    5 35.550    5 40.557     
  4   -7 41.619   -7 47.317   -7 52.943    1 31.314   -7 36.912   -7 41.724     
  5    1 41.726    1 48.711    9 54.377   -7 31.997    1 37.588    9 43.139     
  6    1 43.219    9 48.921    1 55.651   -3 33.029    9 38.513    1 43.849     
  7    9 43.400    1 49.893  -11 56.017    1 33.204   -3 38.875   -3 44.737     
  8   -3 43.558   -3 50.196    1 56.663    5 34.998    1 39.090  -11 44.756     
  9   -3 45.074  -11 50.719   -3 56.807   -3 35.364    5 40.537    1 45.061     
 10    5 45.601   -3 51.423   13 57.829    1 36.390   -3 40.917    5 46.089     
 11    1 46.418    5 51.994   -3 57.856    0  0.000    1 42.248   -3 46.524     
 12    5 47.199    1 53.048    5 58.368    0  0.000   -7 42.446   -7 47.741     
 13   -7 47.805    5 53.278    5 59.421    0  0.000    5 43.007    5 48.328     
 14    1 49.202   -7 53.998    1 59.856    0  0.000   -3 45.014    1 48.343     
 15   -3 49.404   -7 55.376   -7 60.176    0  0.000    1 45.197    9 49.613     
 16    0  0.000    1 55.595   -7 61.270    0  0.000    0  0.000   -7 50.369     
 17    0  0.000   -3 55.837    1 62.121    0  0.000    0  0.000   -3 50.794     
 18    0  0.000    9 56.159    9 62.165    0  0.000    0  0.000    1 50.981     
 19    0  0.000   -3 58.248   -3 62.383    0  0.000    0  0.000    5 53.331     
 20    0  0.000    5 58.640    9 63.341    0  0.000    0  0.000   -3 53.703     
 21    0  0.000    1 59.341  -11 64.299    0  0.000    0  0.000    1 54.706     
 22    0  0.000    0  0.000   -3 64.521    0  0.000    0  0.000    0  0.000     
 23    0  0.000    0  0.000    5 64.972    0  0.000    0  0.000    0  0.000     
 24    0  0.000    0  0.000    1 65.779    0  0.000    0  0.000    0  0.000     
 25    0  0.000    0  0.000    5 67.076    0  0.000    0  0.000    0  0.000     
 26    0  0.000    0  0.000   -7 67.651    0  0.000    0  0.000    0  0.000     
 27    0  0.000    0  0.000    1 69.048    0  0.000    0  0.000    0  0.000     
 28    0  0.000    0  0.000   -3 69.240    0  0.000    0  0.000    0  0.000     
                                                                                
                                                                                
 NO. 2*K ENERGY OF QUASIPARTICLES: 3 NEUTRON- AND 3 PROTON-SHELLS               
 --- --- ------                                                                 
          N=4         N=5         N=6         N=3         N=4         N=5       
  1    1 13.795    1  7.533    1  1.574    1 13.824    1  8.256    1  2.975     
  2   -3 12.992   -3  6.916   -3  1.160   -3 12.987   -3  7.637   -3  2.517     
  3    5 11.746    5  5.877    5  0.719    5 11.708    5  6.594    5  1.713     
  4   -7 10.197   -7  4.530   -7  1.358    1 10.814   -7  5.243   -7  0.829     
  5    1 10.089    1  3.161    9  2.685   -7 10.133    1  4.574    9  1.271     
  6    1  8.601    9  2.958    1  3.928   -3  9.104    9  3.665    1  1.895     
  7    9  8.421    1  2.028  -11  4.288    1  8.929   -3  3.311   -3  2.735     
  8   -3  8.263   -3  1.748    1  4.926    5  7.143    1  3.102  -11  2.753     
  9   -3  6.754  -11  1.289   -3  5.068   -3  6.779    5  1.731    1  3.048     
 10    5  6.231   -3  0.806   13  6.082    1  5.760   -3  1.397    5  4.053     
 11    1  5.419    5  0.746   -3  6.108    0  0.000    1  0.751   -3  4.482     
 12    5  4.647    1  1.449    5  6.617    0  0.000   -7  0.813   -7  5.685     
 13   -7  4.049    5  1.652    5  7.665    0  0.000    5  1.166    5  6.269     
 14    1  2.686   -7  2.322    1  8.098    0  0.000   -3  3.003    1  6.284     
 15   -3  2.491   -7  3.657   -7  8.417    0  0.000    1  3.180    9  7.546     
 16    0  0.000    1  3.872   -7  9.507    0  0.000    0  0.000   -7  8.298     
 17    0  0.000   -3  4.111    1 10.356    0  0.000    0  0.000   -3  8.722     
 18    0  0.000    9  4.428    9 10.400    0  0.000    0  0.000    1  8.908     
 19    0  0.000   -3  6.498   -3 10.618    0  0.000    0  0.000    5 11.252     
 20    0  0.000    5  6.888    9 11.573    0  0.000    0  0.000   -3 11.624     
 21    0  0.000    1  7.585  -11 12.530    0  0.000    0  0.000    1 12.624     
 22    0  0.000    0  0.000   -3 12.751    0  0.000    0  0.000    0  0.000     
 23    0  0.000    0  0.000    5 13.202    0  0.000    0  0.000    0  0.000     
 24    0  0.000    0  0.000    1 14.008    0  0.000    0  0.000    0  0.000     
 25    0  0.000    0  0.000    5 15.303    0  0.000    0  0.000    0  0.000     
 26    0  0.000    0  0.000   -7 15.877    0  0.000    0  0.000    0  0.000     
 27    0  0.000    0  0.000    1 17.273    0  0.000    0  0.000    0  0.000     
 28    0  0.000    0  0.000   -3 17.465    0  0.000    0  0.000    0  0.000     
                                                                                
                                                                                
  MULTI-QUASIPARTICLE BASIS                                                     
  ~~~~~~~~~~~~~~~~~~~~~~~~~                                                     
                                                                                
  NEUTRON STATES :                                                              
                                                                                
     KMAX = 13/2   EMAX = 2.50     NMAX =  8     [1-QUASINEUTRON]               
   MIXINT =  3    NNINT =  6      NLINT = 28                                    
                                                                                
 1-QP BASIS:  NOQ =  4 LEVELS                                                   
------------------------------                                                  
  I IOQ(I)    K      E          U**2-V**2      UV          U           V        
  1   1      1/2     1.57441    -0.89001     0.22797     0.23451     0.97211    
  2   2     -3/2     1.16043    -0.78571     0.30930     0.32733     0.94491    
  3   3      5/2     0.71860    -0.04614     0.49947     0.69060     0.72324    
  4   4     -7/2     1.35801     0.84888     0.26430     0.96148     0.27488    
                                                                                
  PROTON  STATES :                                                              
                                                                                
     KMAX = 11/2   EMAX = 2.60     NMAX =  8     [1-QUASIPROTON]                
   MIXINT =  6    NNINT =  5      NLINT = 21                                    
                                                                                
 1-QP BASIS:  NOQ =  5 LEVELS                                                   
------------------------------                                                  
  I IOQ(I)    K      E          U**2-V**2      UV          U           V        
  1   2     -3/2     2.51748    -0.95621     0.14634     0.14797     0.98899    
  2   3      5/2     1.71293    -0.90275     0.21508     0.22051     0.97538    
  3   4     -7/2     0.82865    -0.45751     0.44460     0.52081     0.85367    
  4   5      9/2     1.27091     0.81478     0.28989     0.95257     0.30432    
  5   6      1/2     1.89490     0.92130     0.19443     0.98013     0.19837    
                                                                                
                                                                                
 NEUTRON-PROTON BASIS:   NTQ = 32 STATES (NTQH =  16)                           
-------------------------------------------------------                         
 II   I1 I2   T   K     E          U**2-V**2      UV                            
  1    3  4   1  -1     1.54725    -0.50365     0.94407                         
  2    2  4   1  -5     1.98908    -1.24322     0.75390                         
  3    3  5   1   7     1.98950     0.76863     0.78935                         
  4    4  4   1  -7     2.18666     0.39137     0.70890                         
  5    1  4   1  -3     2.40306    -1.34752     0.67257                         
  6    2  5   1   3     2.43134     0.02906     0.59918                         
  7    3  3   1   5     2.43152    -0.94889     0.71455                         
  8    3  6   1   3     2.61349     0.87516     0.69389                         
  9    4  5   1   1     2.62892     1.66365     0.55418                         
 10    1  5   1   5     2.84531    -0.07523     0.51786                         
 11    2  3   1   1     2.87336    -1.68846     0.52438                         
 12    2  6   1  -1     3.05533     0.13559     0.50372                         
 13    4  3   1  -1     3.07094    -0.05387     0.47938                         
 14    3  2   1   1     3.23608    -1.00235     0.64581                         
 15    4  6   1  -3     3.25291     1.77018     0.45872                         
 16    1  3   1   3     3.28733    -1.79276     0.44305                         
 17    3 25   2   6     1.54725    -0.50365     0.94407                         
 18    2 25   2   2     1.98908    -1.24322     0.75390                         
 19    3 26   2  -2     1.98950     0.76863     0.78935                         
 20    4 25   2   0     2.18666     0.39137     0.70890                         
 21    1 25   2   4     2.40306    -1.34752     0.67257                         
 22    2 26   2  -6     2.43134     0.02906     0.59918                         
 23    3 24   2   0     2.43152    -0.94889     0.71455                         
 24    3 27   2   2     2.61349     0.87516     0.69389                         
 25    4 26   2  -8     2.62892     1.66365     0.55418                         
 26    1 26   2  -4     2.84531    -0.07523     0.51786                         
 27    2 24   2  -4     2.87336    -1.68846     0.52438                         
 28    2 27   2  -2     3.05533     0.13559     0.50372                         
 29    4 24   2  -6     3.07094    -0.05387     0.47938                         
 30    3 23   2   4     3.23608    -1.00235     0.64581                         
 31    4 27   2  -4     3.25291     1.77018     0.45872                         
 32    1 24   2  -2     3.28733    -1.79276     0.44305                         
                                                                                
                                                                                
 DIMENSION OF THE CONFIG. SPACE:   32                                           
                                                                                
  ----------   THE QP BASE CHOSEN:   ----------                                 
                                                                                
  BAND  I1   I2    T   KQP   EQP : 1NX1P STATES                                 
    1    3    4    1    -1  1.547                                               
    2    2    4    1    -5  1.989                                               
    3    3    5    1     7  1.990                                               
    4    4    4    1    -7  2.187                                               
    5    1    4    1    -3  2.403                                               
    6    2    5    1     3  2.431                                               
    7    3    3    1     5  2.432                                               
    8    3    6    1     3  2.613                                               
    9    4    5    1     1  2.629                                               
   10    1    5    1     5  2.845                                               
   11    2    3    1     1  2.873                                               
   12    2    6    1    -1  3.055                                               
   13    4    3    1    -1  3.071                                               
   14    3    2    1     1  3.236                                               
   15    4    6    1    -3  3.253                                               
   16    1    3    1     3  3.287                                               
   17    3   25    2     6  1.547                                               
   18    2   25    2     2  1.989                                               
   19    3   26    2    -2  1.990                                               
   20    4   25    2     0  2.187                                               
   21    1   25    2     4  2.403                                               
   22    2   26    2    -6  2.431                                               
   23    3   24    2     0  2.432                                               
   24    3   27    2     2  2.613                                               
   25    4   26    2    -8  2.629                                               
   26    1   26    2    -4  2.845                                               
   27    2   24    2    -4  2.873                                               
   28    2   27    2    -2  3.055                                               
   29    4   24    2    -6  3.071                                               
   30    3   23    2     4  3.236                                               
   31    4   27    2    -4  3.253                                               
   32    1   24    2    -2  3.287                                               
                                                                                
******************** KERNEL                                                     
                                                                                
 IBET     BETA       <H[R]>         <R>                                         
   1    0.05938   -0.88102E-01    0.93163E+00                                   
   2    0.13629   -0.46129E+00    0.68963E+00                                   
   3    0.21367   -0.11206E+01    0.40398E+00                                   
   4    0.29114   -0.20443E+01    0.18932E+00                                   
   5    0.36866   -0.31993E+01    0.72124E-01                                   
   6    0.44619   -0.45389E+01    0.22818E-01                                   
   7    0.52373   -0.60017E+01    0.61568E-02                                   
   8    0.60128   -0.75102E+01    0.14628E-02                                   
   9    0.67883   -0.89710E+01    0.31753E-03                                   
  10    0.75639   -0.10278E+02    0.65613E-04                                   
  11    0.83395   -0.11323E+02    0.13474E-04                                   
  12    0.91151   -0.12019E+02    0.28688E-05                                   
  13    0.98907   -0.12322E+02    0.65839E-06                                   
  14    1.06663   -0.12243E+02    0.16857E-06                                   
  15    1.14419   -0.11843E+02    0.49640E-07                                   
  16    1.22176   -0.11215E+02    0.17278E-07                                   
  17    1.29932   -0.10479E+02    0.72736E-08                                   
  18    1.37689   -0.97679E+01    0.37658E-08                                   
  19    1.45445   -0.92116E+01    0.24212E-08                                   
  20    1.53201   -0.89081E+01    0.19406E-08                                   
                                                                                
******************** INTEG                                                      
                                                                                
******** SPIN =  0 ********                                                     
                                                                                
 BAND KQP=   EQP=    HH/HN=    HH=         HN=       EIGEN NORM  STATE  ENERGY  
  20    0   2.1867   1.3354  0.2185E-01  0.1637E-01  0.2087E-01     1   1.2670  
  23    0   2.4315   1.8445  0.2737E-01  0.1484E-01  0.1033E-01     2   2.1442  
                                                                                
 ENERGIES (LOWEST 2 OUT OF  2):  1.267  2.144                                   
 CUTOFF OF THE NORM EIGENVALUE:  0.4680E-03 ( 0.1033E-01 0.1560E-01 0.2087E-01) 
                                                                                
******** SPIN =  1 ********                                                     
                                                                                
 BAND KQP=   EQP=    HH/HN=    HH=         HN=       EIGEN NORM  STATE  ENERGY  
   1   -1   1.5472   0.8367  0.1393E-01  0.1665E-01  0.2316E-01     1   0.8067  
   9    1   2.6289   1.7675  0.2992E-01  0.1693E-01  0.2101E-01     2   1.2896  
  11    1   2.8734   2.3161  0.3081E-01  0.1330E-01  0.1908E-01     3   1.8949  
  12   -1   3.0553   2.7051  0.3744E-01  0.1384E-01  0.1463E-01     4   2.1246  
  13   -1   3.0709   2.3920  0.3458E-01  0.1446E-01  0.1384E-01     5   2.3067  
  14    1   3.2361   2.7023  0.3792E-01  0.1403E-01  0.1149E-01     6   2.7044  
  20    0   2.1867   1.3478  0.2172E-01  0.1611E-01  0.8962E-02     7   2.7052  
  23    0   2.4315   1.8520  0.2710E-01  0.1463E-01  0.7778E-02     8   3.1193  
                                                                                
 ENERGIES (LOWEST 6 OUT OF  8):  0.807  1.290  1.895  2.125  2.307  2.704       
 CUTOFF OF THE NORM EIGENVALUE:  0.4498E-03 ( 0.7778E-02 0.1499E-01 0.2316E-01) 
                                                                                
******** SPIN =  2 ********                                                     
                                                                                
 BAND KQP=   EQP=    HH/HN=    HH=         HN=       EIGEN NORM  STATE  ENERGY  
   1   -1   1.5472   0.8613  0.1389E-01  0.1612E-01  0.2380E-01     1   0.8116  
   9    1   2.6289   1.7931  0.2939E-01  0.1639E-01  0.2184E-01     2   1.1383  
  11    1   2.8734   2.3356  0.3027E-01  0.1296E-01  0.2007E-01     3   1.3406  
  12   -1   3.0553   2.6987  0.3663E-01  0.1357E-01  0.1862E-01     4   1.7204  
  13   -1   3.0709   2.4118  0.3390E-01  0.1406E-01  0.1815E-01     5   1.9139  
  14    1   3.2361   2.7208  0.3715E-01  0.1366E-01  0.1593E-01     6   2.0003  
  18    2   1.9891   1.4766  0.2138E-01  0.1448E-01  0.1413E-01     7   2.1285  
  19   -2   1.9895   1.2604  0.2174E-01  0.1725E-01  0.1270E-01     8   2.3746  
  20    0   2.1867   1.3730  0.2145E-01  0.1562E-01  0.1208E-01     9   2.6841  
  23    0   2.4315   1.8735  0.2663E-01  0.1422E-01  0.1010E-01    10   2.7449  
  24    2   2.6135   1.9581  0.3036E-01  0.1550E-01  0.9341E-02    11   2.9498  
  28   -2   3.0553   2.6985  0.3717E-01  0.1377E-01  0.7270E-02    12   3.1594  
  32   -2   3.2873   2.7581  0.3394E-01  0.1230E-01  0.5876E-02    13   3.2885  
                                                                                
 ENERGIES (LOWEST 6 OUT OF 13):  0.812  1.138  1.341  1.720  1.914  2.000       
 CUTOFF OF THE NORM EIGENVALUE:  0.4382E-03 ( 0.5876E-02 0.1461E-01 0.2380E-01) 
                                                                                
******** SPIN =  3 ********                                                     
                                                                                
 BAND KQP=   EQP=    HH/HN=    HH=         HN=       EIGEN NORM  STATE  ENERGY  
   1   -1   1.5472   0.8986  0.1380E-01  0.1536E-01  0.2418E-01     1   0.8224  
   5   -3   2.4031   1.9628  0.2586E-01  0.1317E-01  0.2242E-01     2   1.1455  
   6    3   2.4313   1.8889  0.2807E-01  0.1486E-01  0.2000E-01     3   1.4157  
   8    3   2.6135   1.9642  0.3022E-01  0.1539E-01  0.1991E-01     4   1.7127  
   9    1   2.6289   1.8321  0.2862E-01  0.1562E-01  0.1761E-01     5   1.7844  
  11    1   2.8734   2.3587  0.2944E-01  0.1248E-01  0.1743E-01     6   1.8990  
  12   -1   3.0553   2.7514  0.3548E-01  0.1289E-01  0.1716E-01     7   1.9401  
  13   -1   3.0709   2.4405  0.3290E-01  0.1348E-01  0.1671E-01     8   2.0549  
  14    1   3.2361   2.7407  0.3598E-01  0.1313E-01  0.1401E-01     9   2.1919  
  15   -3   3.2529   2.4048  0.3620E-01  0.1505E-01  0.1353E-01    10   2.4309  
  16    3   3.2873   2.7870  0.3410E-01  0.1223E-01  0.1233E-01    11   2.4627  
  18    2   1.9891   1.4871  0.2071E-01  0.1392E-01  0.1191E-01    12   2.5947  
  19   -2   1.9895   1.2980  0.2129E-01  0.1640E-01  0.1025E-01    13   2.7342  
  20    0   2.1867   1.4112  0.2104E-01  0.1491E-01  0.9339E-02    14   2.7773  
  23    0   2.4315   1.9013  0.2590E-01  0.1362E-01  0.8145E-02    15   3.1138  
  24    2   2.6135   1.9931  0.2952E-01  0.1481E-01  0.7510E-02    16   3.1395  
  28   -2   3.0553   2.7136  0.3598E-01  0.1326E-01  0.5737E-02    17   3.2193  
  32   -2   3.2873   2.7794  0.3302E-01  0.1188E-01  0.4307E-02    18   3.5846  
                                                                                
 ENERGIES (LOWEST 6 OUT OF 18):  0.822  1.145  1.416  1.713  1.784  1.899       
 CUTOFF OF THE NORM EIGENVALUE:  0.4208E-03 ( 0.4307E-02 0.1403E-01 0.2418E-01) 
                                                                                
******** SPIN =  4 ********                                                     
                                                                                
 BAND KQP=   EQP=    HH/HN=    HH=         HN=       EIGEN NORM  STATE  ENERGY  
   1   -1   1.5472   0.9493  0.1367E-01  0.1440E-01  0.2492E-01     1   0.8409  
   5   -3   2.4031   1.9622  0.2473E-01  0.1260E-01  0.2286E-01     2   1.1652  
   6    3   2.4313   1.8954  0.2673E-01  0.1410E-01  0.2160E-01     3   1.5061  
   8    3   2.6135   2.0107  0.2911E-01  0.1448E-01  0.1936E-01     4   1.6771  
   9    1   2.6289   1.8855  0.2760E-01  0.1464E-01  0.1906E-01     5   1.7588  
  11    1   2.8734   2.3952  0.2838E-01  0.1185E-01  0.1831E-01     6   1.9125  
  12   -1   3.0553   2.7139  0.3397E-01  0.1252E-01  0.1723E-01     7   1.9888  
  13   -1   3.0709   2.4788  0.3160E-01  0.1275E-01  0.1680E-01     8   2.0318  
  14    1   3.2361   2.7790  0.3452E-01  0.1242E-01  0.1558E-01     9   2.1097  
  15   -3   3.2529   2.4536  0.3482E-01  0.1419E-01  0.1494E-01    10   2.2865  
  16    3   3.2873   2.8119  0.3283E-01  0.1168E-01  0.1392E-01    11   2.4119  
  18    2   1.9891   1.5037  0.1987E-01  0.1321E-01  0.1295E-01    12   2.4290  
  19   -2   1.9895   1.3493  0.2069E-01  0.1533E-01  0.1284E-01    13   2.5456  
  20    0   2.1867   1.4629  0.2048E-01  0.1400E-01  0.1248E-01    14   2.5933  
  21    4   2.4031   1.9672  0.2577E-01  0.1310E-01  0.1059E-01    15   2.7205  
  23    0   2.4315   1.9398  0.2496E-01  0.1287E-01  0.9869E-02    16   2.7764  
  24    2   2.6135   2.0392  0.2842E-01  0.1394E-01  0.9553E-02    17   2.8347  
  26   -4   2.8453   2.3706  0.3189E-01  0.1345E-01  0.7367E-02    18   2.9130  
  27   -4   2.8734   2.3635  0.3085E-01  0.1305E-01  0.7253E-02    19   3.2310  
  28   -2   3.0553   2.7403  0.3448E-01  0.1258E-01  0.6619E-02    20   3.2547  
  30    4   3.2361   2.7117  0.3730E-01  0.1376E-01  0.5660E-02    21   3.3108  
  31   -4   3.2529   2.4169  0.3612E-01  0.1495E-01  0.4342E-02    22   3.4022  
  32   -2   3.2873   2.8054  0.3182E-01  0.1134E-01  0.3106E-02    23   3.8677  
                                                                                
 ENERGIES (LOWEST 6 OUT OF 23):  0.841  1.165  1.506  1.677  1.759  1.912       
 CUTOFF OF THE NORM EIGENVALUE:  0.4007E-03 ( 0.3106E-02 0.1336E-01 0.2492E-01) 
                                                                                
******** SPIN =  5 ********                                                     
                                                                                
 BAND KQP=   EQP=    HH/HN=    HH=         HN=       EIGEN NORM  STATE  ENERGY  
   1   -1   1.5472   1.0137  0.1345E-01  0.1327E-01  0.2483E-01     1   0.8681  
   2   -5   1.9891   1.4878  0.2113E-01  0.1420E-01  0.2339E-01     2   1.1951  
   5   -3   2.4031   1.9671  0.2343E-01  0.1191E-01  0.2194E-01     3   1.3192  
   6    3   2.4313   1.9103  0.2520E-01  0.1319E-01  0.1984E-01     4   1.6052  
   7    5   2.4315   1.8636  0.2670E-01  0.1433E-01  0.1891E-01     5   1.7396  
   8    3   2.6135   2.0690  0.2776E-01  0.1342E-01  0.1890E-01     6   1.8932  
   9    1   2.6289   1.9544  0.2636E-01  0.1349E-01  0.1833E-01     7   1.9261  
  10    5   2.8453   2.3675  0.3168E-01  0.1338E-01  0.1689E-01     8   2.0683  
  11    1   2.8734   2.4269  0.2703E-01  0.1114E-01  0.1581E-01     9   2.0917  
  12   -1   3.0553   2.8290  0.3215E-01  0.1136E-01  0.1424E-01    10   2.1701  
  13   -1   3.0709   2.5252  0.3002E-01  0.1189E-01  0.1391E-01    11   2.2745  
  14    1   3.2361   2.8099  0.3268E-01  0.1163E-01  0.1380E-01    12   2.3936  
  15   -3   3.2529   2.5149  0.3314E-01  0.1318E-01  0.1261E-01    13   2.4933  
  16    3   3.2873   2.8399  0.3129E-01  0.1102E-01  0.1128E-01    14   2.5338  
  18    2   1.9891   1.5283  0.1889E-01  0.1236E-01  0.1125E-01    15   2.5833  
  19   -2   1.9895   1.4156  0.1994E-01  0.1409E-01  0.1104E-01    16   2.6842  
  20    0   2.1867   1.5288  0.1979E-01  0.1294E-01  0.9900E-02    17   2.8286  
  21    4   2.4031   1.9670  0.2438E-01  0.1239E-01  0.9059E-02    18   2.8307  
  23    0   2.4315   1.9872  0.2381E-01  0.1198E-01  0.8394E-02    19   2.9307  
  24    2   2.6135   2.0993  0.2710E-01  0.1291E-01  0.7525E-02    20   2.9590  
  26   -4   2.8453   2.3579  0.3004E-01  0.1274E-01  0.6035E-02    21   3.2406  
  27   -4   2.8734   2.4015  0.2940E-01  0.1224E-01  0.5485E-02    22   3.3312  
  28   -2   3.0553   2.7600  0.3265E-01  0.1183E-01  0.5224E-02    23   3.4211  
  30    4   3.2361   2.7525  0.3540E-01  0.1286E-01  0.4348E-02    24   3.5157  
  31   -4   3.2529   2.4771  0.3439E-01  0.1388E-01  0.3224E-02    25   3.6005  
  32   -2   3.2873   2.8355  0.3035E-01  0.1070E-01  0.2209E-02    26   4.1391  
                                                                                
 ENERGIES (LOWEST 6 OUT OF 26):  0.868  1.195  1.319  1.605  1.740  1.893       
 CUTOFF OF THE NORM EIGENVALUE:  0.3789E-03 ( 0.2209E-02 0.1263E-01 0.2483E-01) 
                                                                                
******** SPIN =  6 ********                                                     
                                                                                
 BAND KQP=   EQP=    HH/HN=    HH=         HN=       EIGEN NORM  STATE  ENERGY  
   1   -1   1.5472   1.0929  0.1315E-01  0.1203E-01  0.2521E-01     1   0.8098  
   2   -5   1.9891   1.5109  0.1984E-01  0.1313E-01  0.2351E-01     2   0.9061  
   5   -3   2.4031   1.9803  0.2199E-01  0.1111E-01  0.2274E-01     3   1.2527  
   6    3   2.4313   1.9371  0.2354E-01  0.1215E-01  0.2022E-01     4   1.4310  
   7    5   2.4315   1.9222  0.2529E-01  0.1315E-01  0.1920E-01     5   1.6902  
   8    3   2.6135   2.1400  0.2619E-01  0.1224E-01  0.1919E-01     6   1.8377  
   9    1   2.6289   2.0398  0.2492E-01  0.1222E-01  0.1800E-01     7   1.9408  
  10    5   2.8453   2.3549  0.2951E-01  0.1253E-01  0.1700E-01     8   1.9457  
  11    1   2.8734   2.4751  0.2551E-01  0.1031E-01  0.1660E-01     9   2.0704  
  12   -1   3.0553   2.7576  0.3021E-01  0.1096E-01  0.1573E-01    10   2.1592  
  13   -1   3.0709   2.5811  0.2821E-01  0.1093E-01  0.1385E-01    11   2.1654  
  14    1   3.2361   2.8661  0.3068E-01  0.1070E-01  0.1354E-01    12   2.2087  
  15   -3   3.2529   2.5888  0.3120E-01  0.1205E-01  0.1279E-01    13   2.4071  
  16    3   3.2873   2.8704  0.2951E-01  0.1028E-01  0.1172E-01    14   2.5754  
  17    6   1.5472   0.8655  0.1386E-01  0.1601E-01  0.1169E-01    15   2.5905  
  18    2   1.9891   1.5634  0.1782E-01  0.1140E-01  0.9997E-02    16   2.7146  
  19   -2   1.9895   1.4979  0.1905E-01  0.1272E-01  0.9534E-02    17   2.7483  
  20    0   2.1867   1.6097  0.1894E-01  0.1177E-01  0.9370E-02    18   2.8231  
  21    4   2.4031   1.9748  0.2285E-01  0.1157E-01  0.8844E-02    19   2.8594  
  22   -6   2.4313   1.8891  0.2754E-01  0.1458E-01  0.7914E-02    20   2.9706  
  23    0   2.4315   2.0426  0.2247E-01  0.1100E-01  0.7773E-02    21   3.0406  
  24    2   2.6135   2.1677  0.2554E-01  0.1178E-01  0.6859E-02    22   3.0894  
  26   -4   2.8453   2.3552  0.2803E-01  0.1190E-01  0.5770E-02    23   3.1261  
  27   -4   2.8734   2.4426  0.2771E-01  0.1135E-01  0.4807E-02    24   3.4514  
  28   -2   3.0553   2.8168  0.3064E-01  0.1088E-01  0.4172E-02    25   3.5105  
  29   -6   3.0709   2.3716  0.3313E-01  0.1397E-01  0.4051E-02    26   3.5898  
  30    4   3.2361   2.8003  0.3322E-01  0.1186E-01  0.3295E-02    27   3.6557  
  31   -4   3.2529   2.5498  0.3238E-01  0.1270E-01  0.2339E-02    28   3.8501  
  32   -2   3.2873   2.8680  0.2864E-01  0.9987E-02  0.1540E-02    29   4.4314  
                                                                                
 ENERGIES (LOWEST 6 OUT OF 29):  0.810  0.906  1.253  1.431  1.690  1.838       
 CUTOFF OF THE NORM EIGENVALUE:  0.3592E-03 ( 0.1540E-02 0.1197E-01 0.2521E-01) 
                                                                                
******** SPIN =  7 ********                                                     
                                                                                
 BAND KQP=   EQP=    HH/HN=    HH=         HN=       EIGEN NORM  STATE  ENERGY  
   1   -1   1.5472   1.1875  0.1273E-01  0.1072E-01  0.2498E-01     1   0.8377  
   2   -5   1.9891   1.5459  0.1848E-01  0.1196E-01  0.2373E-01     2   0.9574  
   3    7   1.9895   1.2901  0.2137E-01  0.1656E-01  0.2247E-01     3   1.1486  
   4   -7   2.1867   1.3700  0.2126E-01  0.1552E-01  0.2103E-01     4   1.3401  
   5   -3   2.4031   2.0048  0.2047E-01  0.1021E-01  0.1896E-01     5   1.5600  
   6    3   2.4313   1.9792  0.2180E-01  0.1102E-01  0.1895E-01     6   1.6355  
   7    5   2.4315   1.9890  0.2368E-01  0.1190E-01  0.1785E-01     7   1.7894  
   8    3   2.6135   2.2232  0.2444E-01  0.1099E-01  0.1733E-01     8   1.9777  
   9    1   2.6289   2.1429  0.2330E-01  0.1087E-01  0.1596E-01     9   1.9905  
  10    5   2.8453   2.3567  0.2724E-01  0.1156E-01  0.1538E-01    10   2.1167  
  11    1   2.8734   2.5148  0.2376E-01  0.9447E-02  0.1448E-01    11   2.1699  
  12   -1   3.0553   2.9332  0.2782E-01  0.9484E-02  0.1324E-01    12   2.2829  
  13   -1   3.0709   2.6460  0.2622E-01  0.9909E-02  0.1230E-01    13   2.3041  
  14    1   3.2361   2.9117  0.2840E-01  0.9753E-02  0.1144E-01    14   2.3656  
  15   -3   3.2529   2.6762  0.2905E-01  0.1086E-01  0.1107E-01    15   2.6058  
  16    3   3.2873   2.9027  0.2752E-01  0.9483E-02  0.9849E-02    16   2.7118  
  17    6   1.5472   0.9538  0.1363E-01  0.1429E-01  0.9464E-02    17   2.7187  
  18    2   1.9891   1.6108  0.1667E-01  0.1035E-01  0.8269E-02    18   2.9596  
  19   -2   1.9895   1.5975  0.1801E-01  0.1127E-01  0.8002E-02    19   2.9947  
  20    0   2.1867   1.7065  0.1796E-01  0.1052E-01  0.7668E-02    20   3.0705  
  21    4   2.4031   1.9938  0.2124E-01  0.1065E-01  0.6879E-02    21   3.0885  
  22   -6   2.4313   1.9069  0.2534E-01  0.1329E-01  0.6430E-02    22   3.0988  
  23    0   2.4315   2.1094  0.2098E-01  0.9948E-02  0.6088E-02    23   3.2604  
  24    2   2.6135   2.2567  0.2384E-01  0.1057E-01  0.5462E-02    24   3.2664  
  26   -4   2.8453   2.3668  0.2592E-01  0.1095E-01  0.4349E-02    25   3.3903  
  27   -4   2.8734   2.4863  0.2582E-01  0.1038E-01  0.3715E-02    26   3.6050  
  28   -2   3.0553   2.8296  0.2835E-01  0.1002E-01  0.3156E-02    27   3.7242  
  29   -6   3.0709   2.4477  0.3101E-01  0.1267E-01  0.2942E-02    28   3.8384  
  30    4   3.2361   2.8556  0.3081E-01  0.1079E-01  0.2451E-02    29   4.0499  
  31   -4   3.2529   2.6355  0.3015E-01  0.1144E-01  0.1670E-02    30   4.1063  
  32   -2   3.2873   2.9039  0.2675E-01  0.9213E-02  0.1060E-02    31   4.6738  
                                                                                
 ENERGIES (LOWEST 6 OUT OF 31):  0.838  0.957  1.149  1.340  1.560  1.635       
 CUTOFF OF THE NORM EIGENVALUE:  0.3354E-03 ( 0.1060E-02 0.1118E-01 0.2498E-01) 
                                                                                
******** SPIN =  8 ********                                                     
                                                                                
 BAND KQP=   EQP=    HH/HN=    HH=         HN=       EIGEN NORM  STATE  ENERGY  
   1   -1   1.5472   1.2988  0.1219E-01  0.9387E-02  0.2489E-01     1   0.8840  
   2   -5   1.9891   1.5955  0.1710E-01  0.1072E-01  0.2369E-01     2   1.0248  
   3    7   1.9895   1.3938  0.2017E-01  0.1447E-01  0.2172E-01     3   1.2328  
   4   -7   2.1867   1.4749  0.2020E-01  0.1369E-01  0.2102E-01     4   1.4423  
   5   -3   2.4031   2.0434  0.1890E-01  0.9248E-02  0.1835E-01     5   1.6439  
   6    3   2.4313   2.0396  0.2002E-01  0.9817E-02  0.1818E-01     6   1.7617  
   7    5   2.4315   2.0647  0.2192E-01  0.1062E-01  0.1730E-01     7   1.8970  
   8    3   2.6135   2.3219  0.2255E-01  0.9710E-02  0.1600E-01     8   2.0253  
   9    1   2.6289   2.2650  0.2153E-01  0.9504E-02  0.1454E-01     9   2.0443  
  10    5   2.8453   2.3771  0.2494E-01  0.1049E-01  0.1390E-01    10   2.1813  
  11    1   2.8734   2.5719  0.2192E-01  0.8524E-02  0.1370E-01    11   2.2694  
  12   -1   3.0553   2.8500  0.2578E-01  0.9044E-02  0.1226E-01    12   2.3493  
  13   -1   3.0709   2.7217  0.2409E-01  0.8853E-02  0.1145E-01    13   2.4062  
  14    1   3.2361   2.9835  0.2604E-01  0.8729E-02  0.1041E-01    14   2.4562  
  15   -3   3.2529   2.7771  0.2673E-01  0.9625E-02  0.1025E-01    15   2.6170  
  16    3   3.2873   2.9384  0.2540E-01  0.8643E-02  0.9011E-02    16   2.8439  
  17    6   1.5472   1.0580  0.1327E-01  0.1254E-01  0.8007E-02    17   2.8520  
  18    2   1.9891   1.6735  0.1548E-01  0.9249E-02  0.7493E-02    18   2.8828  
  19   -2   1.9895   1.7156  0.1683E-01  0.9812E-02  0.6733E-02    19   3.1765  
  20    0   2.1867   1.8203  0.1684E-01  0.9251E-02  0.6458E-02    20   3.2410  
  21    4   2.4031   2.0268  0.1958E-01  0.9662E-02  0.6158E-02    21   3.3390  
  22   -6   2.4313   1.9437  0.2315E-01  0.1191E-01  0.5494E-02    22   3.3419  
  23    0   2.4315   2.1850  0.1937E-01  0.8865E-02  0.5224E-02    23   3.3724  
  24    2   2.6135   2.3475  0.2195E-01  0.9352E-02  0.4736E-02    24   3.3817  
  25   -8   2.6289   1.8131  0.2906E-01  0.1603E-01  0.4226E-02    25   3.4772  
  26   -4   2.8453   2.3964  0.2376E-01  0.9917E-02  0.3216E-02    26   3.6895  
  27   -4   2.8734   2.5331  0.2377E-01  0.9383E-02  0.2809E-02    27   3.7928  
  28   -2   3.0553   2.9409  0.2604E-01  0.8855E-02  0.2476E-02    28   3.9161  
  29   -6   3.0709   2.5316  0.2868E-01  0.1133E-01  0.2087E-02    29   4.0902  
  30    4   3.2361   2.9186  0.2825E-01  0.9680E-02  0.1788E-02    30   4.1591  
  31   -4   3.2529   2.7349  0.2775E-01  0.1015E-01  0.1167E-02    31   4.3681  
  32   -2   3.2873   2.9431  0.2470E-01  0.8393E-02  0.7116E-03    32   4.9542  
                                                                                
 ENERGIES (LOWEST 6 OUT OF 32):  0.884  1.025  1.233  1.442  1.644  1.762       
 CUTOFF OF THE NORM EIGENVALUE:  0.3051E-03 ( 0.7116E-03 0.1017E-01 0.2489E-01) 
                                                                                
******** SPIN =  9 ********                                                     
                                                                                
 BAND KQP=   EQP=    HH/HN=    HH=         HN=       EIGEN NORM  STATE  ENERGY  
   1   -1   1.5472   1.4277  0.1153E-01  0.8077E-02  0.2489E-01     1   0.9474  
   2   -5   1.9891   1.6623  0.1571E-01  0.9452E-02  0.2319E-01     2   1.1123  
   3    7   1.9895   1.5172  0.1883E-01  0.1241E-01  0.2046E-01     3   1.3574  
   4   -7   2.1867   1.5971  0.1897E-01  0.1188E-01  0.1989E-01     4   1.5682  
   5   -3   2.4031   2.0988  0.1730E-01  0.8245E-02  0.1740E-01     5   1.7981  
   6    3   2.4313   2.1210  0.1823E-01  0.8593E-02  0.1603E-01     6   1.9363  
   7    5   2.4315   2.1506  0.2006E-01  0.9328E-02  0.1572E-01     7   2.0819  
   8    3   2.6135   2.4315  0.2054E-01  0.8446E-02  0.1423E-01     8   2.0935  
   9    1   2.6289   2.4072  0.1963E-01  0.8154E-02  0.1251E-01     9   2.2468  
  10    5   2.8453   2.4192  0.2265E-01  0.9362E-02  0.1186E-01    10   2.3648  
  11    1   2.8734   2.6260  0.1997E-01  0.7604E-02  0.1163E-01    11   2.4275  
  12   -1   3.0553   3.0652  0.2297E-01  0.7493E-02  0.1026E-01    12   2.5752  
  13   -1   3.0709   2.8093  0.2189E-01  0.7792E-02  0.9623E-02    13   2.5979  
  14    1   3.2361   3.0517  0.2357E-01  0.7723E-02  0.8837E-02    14   2.6751  
  15   -3   3.2529   2.8937  0.2430E-01  0.8397E-02  0.8544E-02    15   2.8857  
  16    3   3.2873   2.9780  0.2317E-01  0.7782E-02  0.7212E-02    16   3.0010  
  17    6   1.5472   1.1793  0.1276E-01  0.1082E-01  0.6425E-02    17   3.0831  
  18    2   1.9891   1.7531  0.1425E-01  0.8131E-02  0.5859E-02    18   3.1217  
  19   -2   1.9895   1.8535  0.1554E-01  0.8382E-02  0.5364E-02    19   3.4305  
  20    0   2.1867   1.9520  0.1560E-01  0.7991E-02  0.5239E-02    20   3.4721  
  21    4   2.4031   2.0766  0.1791E-01  0.8626E-02  0.4773E-02    21   3.5113  
  22   -6   2.4313   2.0029  0.2100E-01  0.1048E-01  0.4224E-02    22   3.5628  
  23    0   2.4315   2.2740  0.1769E-01  0.7779E-02  0.3884E-02    23   3.6678  
  24    2   2.6135   2.4709  0.2003E-01  0.8107E-02  0.3633E-02    24   3.6718  
  25   -8   2.6289   1.9329  0.2677E-01  0.1385E-01  0.3213E-02    25   3.6919  
  26   -4   2.8453   2.4471  0.2160E-01  0.8826E-02  0.2333E-02    26   3.9878  
  27   -4   2.8734   2.5853  0.2163E-01  0.8368E-02  0.2069E-02    27   4.0341  
  28   -2   3.0553   2.9318  0.2356E-01  0.8037E-02  0.1780E-02    28   4.1287  
  29   -6   3.0709   2.6246  0.2620E-01  0.9984E-02  0.1460E-02    29   4.3584  
  30    4   3.2361   2.9917  0.2561E-01  0.8560E-02  0.1278E-02    30   4.5883  
  31   -4   3.2529   2.8489  0.2523E-01  0.8857E-02  0.8018E-03    31   4.7436  
  32   -2   3.2873   2.9867  0.2258E-01  0.7560E-02  0.4743E-03    32   5.1358  
                                                                                
 ENERGIES (LOWEST 6 OUT OF 32):  0.947  1.112  1.357  1.568  1.798  1.936       
 CUTOFF OF THE NORM EIGENVALUE:  0.2673E-03 ( 0.4743E-03 0.8909E-02 0.2489E-01) 
                                                                                
******** SPIN = 10 ********                                                     
                                                                                
 BAND KQP=   EQP=    HH/HN=    HH=         HN=       EIGEN NORM  STATE  ENERGY  
   1   -1   1.5472   1.5753  0.1075E-01  0.6825E-02  0.2453E-01     1   1.0335  
   2   -5   1.9891   1.7486  0.1433E-01  0.8193E-02  0.2204E-01     2   1.2231  
   3    7   1.9895   1.6618  0.1735E-01  0.1044E-01  0.1875E-01     3   1.5201  
   4   -7   2.1867   1.7378  0.1759E-01  0.1012E-01  0.1804E-01     4   1.7222  
   5   -3   2.4031   2.1730  0.1571E-01  0.7229E-02  0.1602E-01     5   1.9846  
   6    3   2.4313   2.2255  0.1643E-01  0.7384E-02  0.1397E-01     6   2.1264  
   7    5   2.4315   2.2485  0.1815E-01  0.8070E-02  0.1380E-01     7   2.1937  
   8    3   2.6135   2.5636  0.1850E-01  0.7215E-02  0.1220E-01     8   2.2955  
   9    1   2.6289   2.5705  0.1765E-01  0.6865E-02  0.1052E-01     9   2.4549  
  10    5   2.8453   2.4856  0.2039E-01  0.8202E-02  0.1017E-01    10   2.5434  
  11    1   2.8734   2.6965  0.1801E-01  0.6678E-02  0.9506E-02    11   2.6472  
  12   -1   3.0553   3.0108  0.2106E-01  0.6994E-02  0.8520E-02    12   2.7261  
  13   -1   3.0709   2.9106  0.1966E-01  0.6753E-02  0.7866E-02    13   2.8498  
  14    1   3.2361   3.1409  0.2110E-01  0.6717E-02  0.7577E-02    14   2.9471  
  15   -3   3.2529   3.0247  0.2180E-01  0.7209E-02  0.6803E-02    15   3.1485  
  16    3   3.2873   3.0256  0.2092E-01  0.6915E-02  0.5751E-02    16   3.1740  
  17    6   1.5472   1.3190  0.1208E-01  0.9162E-02  0.4973E-02    17   3.3593  
  18    2   1.9891   1.8525  0.1301E-01  0.7025E-02  0.4486E-02    18   3.4266  
  19   -2   1.9895   2.0122  0.1414E-01  0.7026E-02  0.4148E-02    19   3.6281  
  20    0   2.1867   2.1027  0.1426E-01  0.6781E-02  0.4079E-02    20   3.6701  
  21    4   2.4031   2.1457  0.1625E-01  0.7574E-02  0.3672E-02    21   3.7847  
  22   -6   2.4313   2.0869  0.1890E-01  0.9058E-02  0.3503E-02    22   3.8380  
  23    0   2.4315   2.3760  0.1596E-01  0.6719E-02  0.2818E-02    23   3.8420  
  24    2   2.6135   2.5855  0.1798E-01  0.6955E-02  0.2739E-02    24   3.9549  
  25   -8   2.6289   2.0747  0.2436E-01  0.1174E-01  0.2372E-02    25   3.9910  
  26   -4   2.8453   2.5212  0.1945E-01  0.7713E-02  0.1664E-02    26   4.2664  
  27   -4   2.8734   2.6444  0.1947E-01  0.7362E-02  0.1497E-02    27   4.3204  
  28   -2   3.0553   3.1275  0.2113E-01  0.6757E-02  0.1378E-02    28   4.3370  
  29   -6   3.0709   2.7282  0.2366E-01  0.8672E-02  0.9939E-03    29   4.5882  
  30    4   3.2361   3.0742  0.2293E-01  0.7459E-02  0.8966E-03    30   4.7470  
  31   -4   3.2529   2.9788  0.2266E-01  0.7606E-02  0.5407E-03    31   4.7786  
  32   -2   3.2873   3.0403  0.2039E-01  0.6707E-02  0.3062E-03    32   5.4325  
                                                                                
 ENERGIES (LOWEST 6 OUT OF 32):  1.034  1.223  1.520  1.722  1.985  2.126       
 CUTOFF OF THE NORM EIGENVALUE:  0.2307E-03 ( 0.3062E-03 0.7691E-02 0.2453E-01) 
                                                                                
******** SPIN = 11 ********                                                     
                                                                                
 BAND KQP=   EQP=    HH/HN=    HH=         HN=       EIGEN NORM  STATE  ENERGY  
   1   -1   1.5472   1.7427  0.9869E-02  0.5663E-02  0.2356E-01     1   1.1458  
   2   -5   1.9891   1.8565  0.1295E-01  0.6976E-02  0.2039E-01     2   1.3599  
   3    7   1.9895   1.8289  0.1575E-01  0.8614E-02  0.1673E-01     3   1.7146  
   4   -7   2.1867   1.8983  0.1608E-01  0.8469E-02  0.1592E-01     4   1.9024  
   5   -3   2.4031   2.2681  0.1413E-01  0.6229E-02  0.1464E-01     5   2.1990  
   6    3   2.4313   2.3547  0.1466E-01  0.6224E-02  0.1212E-01     6   2.2876  
   7    5   2.4315   2.3607  0.1622E-01  0.6871E-02  0.1149E-01     7   2.3460  
   8    3   2.6135   2.7009  0.1641E-01  0.6075E-02  0.1019E-01     8   2.5193  
   9    1   2.6289   2.7556  0.1562E-01  0.5669E-02  0.8728E-02     9   2.6584  
  10    5   2.8453   2.5780  0.1817E-01  0.7050E-02  0.8420E-02    10   2.7651  
  11    1   2.8734   2.7763  0.1605E-01  0.5782E-02  0.7655E-02    11   2.8951  
  12   -1   3.0553   3.2349  0.1810E-01  0.5595E-02  0.6957E-02    12   2.9443  
  13   -1   3.0709   3.0282  0.1744E-01  0.5760E-02  0.6329E-02    13   3.1195  
  14    1   3.2361   3.2403  0.1866E-01  0.5757E-02  0.6117E-02    14   3.2493  
  15   -3   3.2529   3.1753  0.1931E-01  0.6082E-02  0.5327E-02    15   3.3404  
  16    3   3.2873   3.0828  0.1868E-01  0.6060E-02  0.4458E-02    16   3.3725  
  17    6   1.5472   1.4783  0.1126E-01  0.7620E-02  0.3821E-02    17   3.5088  
  18    2   1.9891   1.9723  0.1176E-01  0.5963E-02  0.3421E-02    18   3.6737  
  19   -2   1.9895   2.1926  0.1266E-01  0.5776E-02  0.3183E-02    19   3.7449  
  20    0   2.1867   2.2734  0.1285E-01  0.5651E-02  0.3113E-02    20   3.9418  
  21    4   2.4031   2.2357  0.1461E-01  0.6535E-02  0.2701E-02    21   3.9492  
  22   -6   2.4313   2.1976  0.1687E-01  0.7676E-02  0.2569E-02    22   4.0788  
  23    0   2.4315   2.4937  0.1424E-01  0.5710E-02  0.2033E-02    23   4.1558  
  24    2   2.6135   2.7489  0.1599E-01  0.5818E-02  0.2006E-02    24   4.2077  
  25   -8   2.6289   2.2398  0.2187E-01  0.9762E-02  0.1727E-02    25   4.2666  
  26   -4   2.8453   2.6206  0.1733E-01  0.6615E-02  0.1163E-02    26   4.5180  
  27   -4   2.8734   2.7165  0.1734E-01  0.6381E-02  0.1055E-02    27   4.6097  
  28   -2   3.0553   3.0823  0.1875E-01  0.6083E-02  0.9367E-03    28   4.6520  
  29   -6   3.0709   2.8448  0.2110E-01  0.7416E-02  0.6705E-03    29   4.7608  
  30    4   3.2361   3.1728  0.2030E-01  0.6398E-02  0.6165E-03    30   5.0307  
  31   -4   3.2529   3.1251  0.2007E-01  0.6423E-02  0.3571E-03    31   5.6371  
  32   -2   3.2873   3.0995  0.1824E-01  0.5885E-02  0.1979E-03    32   5.6482  
                                                                                
 ENERGIES (LOWEST 6 OUT OF 32):  1.146  1.360  1.715  1.902  2.199  2.288       
 CUTOFF OF THE NORM EIGENVALUE:  0.1956E-03 ( 0.1979E-03 0.6518E-02 0.2356E-01) 
                                                                                
******** SPIN = 12 ********                                                     
                                                                                
 BAND KQP=   EQP=    HH/HN=    HH=         HN=       EIGEN NORM  STATE  ENERGY  
   1   -1   1.5472   1.9307  0.8904E-02  0.4612E-02  0.2203E-01     1   1.2853  
   2   -5   1.9891   1.9878  0.1159E-01  0.5831E-02  0.1836E-01     2   1.5240  
   3    7   1.9895   2.0195  0.1407E-01  0.6969E-02  0.1455E-01     3   1.9372  
   4   -7   2.1867   2.0799  0.1447E-01  0.6956E-02  0.1363E-01     4   2.1149  
   5   -3   2.4031   2.3854  0.1257E-01  0.5271E-02  0.1275E-01     5   2.4358  
   6    3   2.4313   2.5098  0.1291E-01  0.5144E-02  0.1025E-01     6   2.4599  
   7    5   2.4315   2.4890  0.1432E-01  0.5754E-02  0.9442E-02     7   2.5828  
   8    3   2.6135   2.8751  0.1440E-01  0.5007E-02  0.8261E-02     8   2.7401  
   9    1   2.6289   2.9633  0.1360E-01  0.4591E-02  0.6982E-02     9   2.9215  
  10    5   2.8453   2.6975  0.1602E-01  0.5941E-02  0.6959E-02    10   3.0345  
  11    1   2.8734   2.8714  0.1415E-01  0.4929E-02  0.6012E-02    11   3.1172  
  12   -1   3.0553   3.2563  0.1641E-01  0.5038E-02  0.5533E-02    12   3.1690  
  13   -1   3.0709   3.1634  0.1529E-01  0.4832E-02  0.5157E-02    13   3.4425  
  14    1   3.2361   3.3541  0.1629E-01  0.4857E-02  0.4789E-02    14   3.5477  
  15   -3   3.2529   3.3399  0.1686E-01  0.5049E-02  0.4018E-02    15   3.5935  
  16    3   3.2873   3.1534  0.1651E-01  0.5234E-02  0.3442E-02    16   3.6951  
  17    6   1.5472   1.6583  0.1032E-01  0.6221E-02  0.2821E-02    17   3.9930  
  18    2   1.9891   2.1154  0.1051E-01  0.4968E-02  0.2524E-02    18   4.0438  
  19   -2   1.9895   2.3956  0.1115E-01  0.4656E-02  0.2439E-02    19   4.0944  
  20    0   2.1867   2.4649  0.1139E-01  0.4622E-02  0.2280E-02    20   4.2125  
  21    4   2.4031   2.3486  0.1300E-01  0.5537E-02  0.2035E-02    21   4.2566  
  22   -6   2.4313   2.3363  0.1489E-01  0.6375E-02  0.1998E-02    22   4.4306  
  23    0   2.4315   2.6297  0.1254E-01  0.4770E-02  0.1476E-02    23   4.4528  
  24    2   2.6135   2.8914  0.1397E-01  0.4833E-02  0.1390E-02    24   4.5694  
  25   -8   2.6289   2.4292  0.1933E-01  0.7957E-02  0.1219E-02    25   4.5983  
  26   -4   2.8453   2.7462  0.1528E-01  0.5563E-02  0.8024E-03    26   4.8010  
  27   -4   2.8734   2.8001  0.1526E-01  0.5450E-02  0.7316E-03    27   4.9283  
  28   -2   3.0553   3.3910  0.1631E-01  0.4809E-02  0.7191E-03    28   4.9883  
  29   -6   3.0709   2.9770  0.1858E-01  0.6241E-02  0.4387E-03    29   5.3684  
  30    4   3.2361   3.2809  0.1773E-01  0.5405E-02  0.4151E-03    30   5.5345  
  31   -4   3.2529   3.2905  0.1754E-01  0.5331E-02  0.2329E-03    31   5.6035  
  32   -2   3.2873   3.1806  0.1611E-01  0.5066E-02  0.1227E-03    32   0.0000  
                                                                                
 ENERGIES (LOWEST 6 OUT OF 31):  1.285  1.524  1.937  2.115  2.436  2.460       
 CUTOFF OF THE NORM EIGENVALUE:  0.1630E-03 ( 0.1227E-03 0.5432E-02 0.2203E-01) 
                                                                                
******** SPIN = 13 ********                                                     
                                                                                
 BAND KQP=   EQP=    HH/HN=    HH=         HN=       EIGEN NORM  STATE  ENERGY  
   1   -1   1.5472   2.1403  0.7887E-02  0.3685E-02  0.2003E-01     1   1.4532  
   2   -5   1.9891   2.1438  0.1025E-01  0.4782E-02  0.1613E-01     2   1.7166  
   3    7   1.9895   2.2343  0.1235E-01  0.5526E-02  0.1229E-01     3   2.1862  
   4   -7   2.1867   2.2834  0.1280E-01  0.5607E-02  0.1144E-01     4   2.3482  
   5   -3   2.4031   2.5264  0.1106E-01  0.4378E-02  0.1128E-01     5   2.5675  
   6    3   2.4313   2.6915  0.1122E-01  0.4167E-02  0.8476E-02     6   2.7030  
   7    5   2.4315   2.6369  0.1249E-01  0.4735E-02  0.7451E-02     7   2.8623  
   8    3   2.6135   3.0398  0.1240E-01  0.4080E-02  0.6553E-02     8   2.9913  
   9    1   2.6289   3.1940  0.1164E-01  0.3645E-02  0.5560E-02     9   3.1423  
  10    5   2.8453   2.8449  0.1396E-01  0.4906E-02  0.5509E-02    10   3.3425  
  11    1   2.8734   2.9884  0.1234E-01  0.4129E-02  0.4688E-02    11   3.3916  
  12   -1   3.0553   3.4592  0.1361E-01  0.3935E-02  0.4289E-02    12   3.4700  
  13   -1   3.0709   3.3188  0.1322E-01  0.3984E-02  0.4194E-02    13   3.7501  
  14    1   3.2361   3.4914  0.1405E-01  0.4024E-02  0.3507E-02    14   3.7591  
  15   -3   3.2529   3.5296  0.1452E-01  0.4113E-02  0.3026E-02    15   3.8634  
  16    3   3.2873   3.2436  0.1442E-01  0.4445E-02  0.2558E-02    16   3.9105  
  17    6   1.5472   1.8601  0.9269E-02  0.4983E-02  0.2089E-02    17   4.0670  
  18    2   1.9891   2.2818  0.9271E-02  0.4063E-02  0.1861E-02    18   4.3924  
  19   -2   1.9895   2.6217  0.9648E-02  0.3680E-02  0.1796E-02    19   4.4088  
  20    0   2.1867   2.6779  0.9935E-02  0.3710E-02  0.1629E-02    20   4.5195  
  21    4   2.4031   2.4852  0.1144E-01  0.4605E-02  0.1449E-02    21   4.5324  
  22   -6   2.4313   2.5037  0.1299E-01  0.5188E-02  0.1398E-02    22   4.7084  
  23    0   2.4315   2.7845  0.1091E-01  0.3917E-02  0.1052E-02    23   4.7205  
  24    2   2.6135   3.0984  0.1207E-01  0.3896E-02  0.9545E-03    24   4.8460  
  25   -8   2.6289   2.6437  0.1680E-01  0.6355E-02  0.8525E-03    25   4.9174  
  26   -4   2.8453   2.8989  0.1329E-01  0.4585E-02  0.5412E-03    26   5.1164  
  27   -4   2.8734   2.9077  0.1330E-01  0.4574E-02  0.4914E-03    27   5.3002  
  28   -2   3.0553   3.3000  0.1427E-01  0.4323E-02  0.4596E-03    28   5.3447  
  29   -6   3.0709   3.1273  0.1615E-01  0.5164E-02  0.2866E-03    29   5.7838  
  30    4   3.2361   3.4160  0.1532E-01  0.4485E-02  0.2746E-03    30   5.8226  
  31   -4   3.2529   3.4732  0.1511E-01  0.4349E-02  0.1478E-03    31   6.8279  
  32   -2   3.2873   3.2674  0.1410E-01  0.4316E-02  0.7706E-04    32   0.0000  
                                                                                
 ENERGIES (LOWEST 6 OUT OF 31):  1.453  1.717  2.186  2.348  2.568  2.703       
 CUTOFF OF THE NORM EIGENVALUE:  0.1334E-03 ( 0.7706E-04 0.4448E-02 0.2003E-01) 
                                                                                
******** SPIN = 14 ********                                                     
                                                                                
 BAND KQP=   EQP=    HH/HN=    HH=         HN=       EIGEN NORM  STATE  ENERGY  
   1   -1   1.5472   2.3719  0.6853E-02  0.2889E-02  0.1774E-01     1   1.6475  
   2   -5   1.9891   2.3252  0.8945E-02  0.3847E-02  0.1377E-01     2   1.9391  
   3    7   1.9895   2.4740  0.1062E-01  0.4294E-02  0.1018E-01     3   2.4579  
   4   -7   2.1867   2.5098  0.1113E-01  0.4433E-02  0.9301E-02     4   2.6200  
   5   -3   2.4031   2.6918  0.9602E-02  0.3567E-02  0.9255E-02     5   2.8309  
   6    3   2.4313   2.9003  0.9592E-02  0.3307E-02  0.6804E-02     6   2.9866  
   7    5   2.4315   2.8047  0.1074E-01  0.3829E-02  0.5877E-02     7   3.1187  
   8    3   2.6135   3.2664  0.1057E-01  0.3236E-02  0.5076E-02     8   3.2639  
   9    1   2.6289   3.4480  0.9779E-02  0.2836E-02  0.4405E-02     9   3.4818  
  10    5   2.8453   3.0203  0.1198E-01  0.3968E-02  0.4212E-02    10   3.5787  
  11    1   2.8734   3.1222  0.1063E-01  0.3404E-02  0.3517E-02    11   3.6722  
  12   -1   3.0553   3.5975  0.1210E-01  0.3364E-02  0.3253E-02    12   3.7914  
  13   -1   3.0709   3.4958  0.1128E-01  0.3227E-02  0.3223E-02    13   4.1099  
  14    1   3.2361   3.6406  0.1196E-01  0.3284E-02  0.2664E-02    14   4.1281  
  15   -3   3.2529   3.7316  0.1230E-01  0.3297E-02  0.2161E-02    15   4.1851  
  16    3   3.2873   3.3478  0.1246E-01  0.3721E-02  0.1907E-02    16   4.3594  
  17    6   1.5472   2.0844  0.8162E-02  0.3916E-02  0.1468E-02    17   4.4523  
  18    2   1.9891   2.4731  0.8059E-02  0.3259E-02  0.1374E-02    18   4.7352  
  19   -2   1.9895   2.8713  0.8186E-02  0.2851E-02  0.1315E-02    19   4.8004  
  20    0   2.1867   2.9131  0.8510E-02  0.2921E-02  0.1143E-02    20   4.8074  
  21    4   2.4031   2.6469  0.9943E-02  0.3756E-02  0.1080E-02    21   4.8944  
  22   -6   2.4313   2.7000  0.1116E-01  0.4134E-02  0.9965E-03    22   5.0405  
  23    0   2.4315   2.9615  0.9355E-02  0.3159E-02  0.7329E-03    23   5.1687  
  24    2   2.6135   3.2758  0.1025E-01  0.3129E-02  0.6336E-03    24   5.2082  
  25   -8   2.6289   2.8835  0.1434E-01  0.4973E-02  0.5761E-03    25   5.4037  
  26   -4   2.8453   3.0788  0.1140E-01  0.3702E-02  0.3626E-03    26   5.5114  
  27   -4   2.8734   3.0281  0.1144E-01  0.3780E-02  0.3529E-03    27   5.6449  
  28   -2   3.0553   3.7430  0.1190E-01  0.3180E-02  0.3260E-03    28   5.7460  
  29   -6   3.0709   3.2980  0.1385E-01  0.4199E-02  0.1827E-03    29   6.2110  
  30    4   3.2361   3.5555  0.1304E-01  0.3667E-02  0.1751E-03    30   6.4512  
  31   -4   3.2529   3.6795  0.1282E-01  0.3483E-02  0.9348E-04    31   0.0000  
  32   -2   3.2873   3.3882  0.1217E-01  0.3592E-02  0.4588E-04    32   0.0000  
                                                                                
 ENERGIES (LOWEST 6 OUT OF 30):  1.648  1.939  2.458  2.620  2.831  2.987       
 CUTOFF OF THE NORM EIGENVALUE:  0.1071E-03 ( 0.4588E-04 0.3569E-02 0.1774E-01) 
                                                                                
******** SPIN = 15 ********                                                     
                                                                                
 BAND KQP=   EQP=    HH/HN=    HH=         HN=       EIGEN NORM  STATE  ENERGY  
   1   -1   1.5472   2.6260  0.5834E-02  0.2221E-02  0.1528E-01     1   1.8717  
   2   -5   1.9891   2.5332  0.7684E-02  0.3033E-02  0.1150E-01     2   2.1871  
   3    7   1.9895   2.7388  0.8953E-02  0.3269E-02  0.8154E-02     3   2.7586  
   4   -7   2.1867   2.7596  0.9484E-02  0.3437E-02  0.7957E-02     4   2.9002  
   5   -3   2.4031   2.8819  0.8214E-02  0.2850E-02  0.7436E-02     5   2.9375  
   6    3   2.4313   3.1359  0.8063E-02  0.2571E-02  0.5367E-02     6   3.2991  
   7    5   2.4315   2.9971  0.9108E-02  0.3039E-02  0.4395E-02     7   3.4672  
   8    3   2.6135   3.4556  0.8822E-02  0.2553E-02  0.3839E-02     8   3.5776  
   9    1   2.6289   3.7255  0.8058E-02  0.2163E-02  0.3341E-02     9   3.6876  
  10    5   2.8453   3.2237  0.1013E-01  0.3143E-02  0.3214E-02    10   3.9192  
  11    1   2.8734   3.2848  0.9038E-02  0.2752E-02  0.2665E-02    11   4.0314  
  12   -1   3.0553   3.7568  0.9746E-02  0.2594E-02  0.2568E-02    12   4.1223  
  13   -1   3.0709   3.6960  0.9485E-02  0.2566E-02  0.2387E-02    13   4.1927  
  14    1   3.2361   3.8196  0.1003E-01  0.2625E-02  0.1834E-02    14   4.2428  
  15   -3   3.2529   3.9649  0.1027E-01  0.2589E-02  0.1575E-02    15   4.5213  
  16    3   3.2873   3.4865  0.1063E-01  0.3049E-02  0.1353E-02    16   4.6277  
  17    6   1.5472   2.3320  0.7037E-02  0.3017E-02  0.1054E-02    17   4.7431  
  18    2   1.9891   2.6894  0.6893E-02  0.2563E-02  0.9420E-03    18   5.0610  
  19   -2   1.9895   3.1446  0.6806E-02  0.2164E-02  0.9330E-03    19   5.1771  
  20    0   2.1867   3.1708  0.7154E-02  0.2256E-02  0.7808E-03    20   5.2092  
  21    4   2.4031   2.8337  0.8515E-02  0.3005E-02  0.7591E-03    21   5.2480  
  22   -6   2.4313   2.9253  0.9437E-02  0.3226E-02  0.6643E-03    22   5.3636  
  23    0   2.4315   3.1606  0.7905E-02  0.2501E-02  0.5025E-03    23   5.3789  
  24    2   2.6135   3.5260  0.8567E-02  0.2430E-02  0.4195E-03    24   5.5621  
  25   -8   2.6289   3.1490  0.1200E-01  0.3811E-02  0.3878E-03    25   5.7800  
  26   -4   2.8453   3.2862  0.9620E-02  0.2928E-02  0.2362E-03    26   5.8436  
  27   -4   2.8734   3.1859  0.9748E-02  0.3060E-02  0.2105E-03    27   6.0174  
  28   -2   3.0553   3.6014  0.1034E-01  0.2871E-02  0.2093E-03    28   6.1247  
  29   -6   3.0709   3.4913  0.1170E-01  0.3352E-02  0.1168E-03    29   6.6797  
  30    4   3.2361   3.7391  0.1097E-01  0.2933E-02  0.1107E-03    30   8.3964  
  31   -4   3.2529   3.9014  0.1070E-01  0.2742E-02  0.5698E-04    31   0.0000  
  32   -2   3.2873   3.5154  0.1040E-01  0.2960E-02  0.2806E-04    32   0.0000  
                                                                                
 ENERGIES (LOWEST 6 OUT OF 30):  1.872  2.187  2.759  2.900  2.937  3.299       
 CUTOFF OF THE NORM EIGENVALUE:  0.8463E-04 ( 0.2806E-04 0.2821E-02 0.1528E-01) 
                                                                                
******** SPIN = 16 ********                                                     
                                                                                
 BAND KQP=   EQP=    HH/HN=    HH=         HN=       EIGEN NORM  STATE  ENERGY  
   1   -1   1.5472   2.9031  0.4863E-02  0.1675E-02  0.1285E-01     1   2.1177  
   2   -5   1.9891   2.7670  0.6487E-02  0.2345E-02  0.9304E-02     2   2.4702  
   3    7   1.9895   3.0286  0.7384E-02  0.2438E-02  0.6451E-02     3   3.0658  
   4   -7   2.1867   3.0332  0.7922E-02  0.2612E-02  0.6123E-02     4   3.2280  
   5   -3   2.4031   3.0978  0.6915E-02  0.2232E-02  0.5755E-02     5   3.3096  
   6    3   2.4313   3.3982  0.6653E-02  0.1958E-02  0.4082E-02     6   3.4586  
   7    5   2.4315   3.2106  0.7601E-02  0.2368E-02  0.3338E-02     7   3.6453  
   8    3   2.6135   3.7460  0.7276E-02  0.1942E-02  0.2859E-02     8   3.7144  
   9    1   2.6289   4.0264  0.6508E-02  0.1616E-02  0.2579E-02     9   3.9259  
  10    5   2.8453   3.4548  0.8421E-02  0.2437E-02  0.2313E-02    10   4.1115  
  11    1   2.8734   3.4683  0.7584E-02  0.2187E-02  0.1892E-02    11   4.1812  
  12   -1   3.0553   4.0403  0.8389E-02  0.2076E-02  0.1850E-02    12   4.4034  
  13   -1   3.0709   3.9203  0.7852E-02  0.2003E-02  0.1738E-02    13   4.5150  
  14    1   3.2361   4.0141  0.8296E-02  0.2067E-02  0.1361E-02    14   4.7257  
  15   -3   3.2529   4.2070  0.8422E-02  0.2002E-02  0.1064E-02    15   4.8187  
  16    3   3.2873   3.6305  0.8956E-02  0.2467E-02  0.9731E-03    16   4.9479  
  17    6   1.5472   2.6031  0.5935E-02  0.2280E-02  0.7244E-03    17   5.1604  
  18    2   1.9891   2.9310  0.5792E-02  0.1976E-02  0.7024E-03    18   5.4208  
  19   -2   1.9895   3.4415  0.5542E-02  0.1610E-02  0.6324E-03    19   5.4644  
  20    0   2.1867   3.4513  0.5897E-02  0.1709E-02  0.5279E-03    20   5.6077  
  21    4   2.4031   3.0463  0.7177E-02  0.2356E-02  0.5267E-03    21   5.6547  
  22   -6   2.4313   3.1789  0.7834E-02  0.2464E-02  0.4571E-03    22   5.7557  
  23    0   2.4315   3.3840  0.6576E-02  0.1943E-02  0.3355E-03    23   5.9563  
  24    2   2.6135   3.7473  0.7055E-02  0.1883E-02  0.2676E-03    24   5.9854  
  25   -8   2.6289   3.4401  0.9841E-02  0.2861E-02  0.2502E-03    25   6.1540  
  26   -4   2.8453   3.5205  0.7981E-02  0.2267E-02  0.1621E-03    26   6.2478  
  27   -4   2.8734   3.3507  0.8175E-02  0.2440E-02  0.1536E-03    27   6.4077  
  28   -2   3.0553   4.1910  0.8161E-02  0.1947E-02  0.1337E-03    28   6.4794  
  29   -6   3.0709   3.7080  0.9738E-02  0.2626E-02  0.7269E-04    29   7.1601  
  30    4   3.2361   3.9127  0.9068E-02  0.2317E-02  0.6665E-04    30   7.5538  
  31   -4   3.2529   4.1538  0.8789E-02  0.2116E-02  0.3502E-04    31   0.0000  
  32   -2   3.2873   3.6834  0.8743E-02  0.2374E-02  0.1603E-04    32   0.0000  
                                                                                
 ENERGIES (LOWEST 6 OUT OF 30):  2.118  2.470  3.066  3.228  3.310  3.459       
 CUTOFF OF THE NORM EIGENVALUE:  0.6524E-04 ( 0.1603E-04 0.2175E-02 0.1285E-01) 
                                                                                
******** SPIN = 17 ********                                                     
                                                                                
 BAND KQP=   EQP=    HH/HN=    HH=         HN=       EIGEN NORM  STATE  ENERGY  
   1   -1   1.5472   3.2031  0.3967E-02  0.1239E-02  0.1049E-01     1   2.3984  
   2   -5   1.9891   3.0281  0.5376E-02  0.1776E-02  0.7412E-02     2   2.7713  
   3    7   1.9895   3.3434  0.5956E-02  0.1781E-02  0.5143E-02     3   3.4001  
   4   -7   2.1867   3.3307  0.6480E-02  0.1946E-02  0.4896E-02     4   3.4263  
   5   -3   2.4031   3.3380  0.5721E-02  0.1714E-02  0.4387E-02     5   3.5567  
   6    3   2.4313   3.6868  0.5383E-02  0.1460E-02  0.3086E-02     6   3.9867  
   7    5   2.4315   3.4541  0.6245E-02  0.1808E-02  0.2365E-02     7   4.1394  
   8    3   2.6135   3.9541  0.5874E-02  0.1485E-02  0.2060E-02     8   4.2909  
   9    1   2.6289   4.3505  0.5149E-02  0.1184E-02  0.1869E-02     9   4.3798  
  10    5   2.8453   3.7129  0.6871E-02  0.1850E-02  0.1698E-02    10   4.5305  
  11    1   2.8734   3.6809  0.6264E-02  0.1702E-02  0.1455E-02    11   4.8140  
  12   -1   3.0553   4.1428  0.6614E-02  0.1596E-02  0.1392E-02    12   4.8266  
  13   -1   3.0709   4.1693  0.6393E-02  0.1533E-02  0.1211E-02    13   4.9265  
  14    1   3.2361   4.2367  0.6748E-02  0.1593E-02  0.8782E-03    14   5.3471  
  15   -3   3.2529   4.4864  0.6794E-02  0.1514E-02  0.7527E-03    15   5.4020  
  16    3   3.2873   3.8299  0.7440E-02  0.1942E-02  0.6584E-03    16   5.5617  
  17    6   1.5472   2.8983  0.4895E-02  0.1689E-02  0.4916E-03    17   5.7779  
  18    2   1.9891   3.1981  0.4775E-02  0.1493E-02  0.4592E-03    18   5.9166  
  19   -2   1.9895   3.7620  0.4417E-02  0.1174E-02  0.4304E-03    19   6.0139  
  20    0   2.1867   3.7546  0.4764E-02  0.1269E-02  0.3701E-03    20   6.0789  
  21    4   2.4031   3.2846  0.5946E-02  0.1810E-02  0.3451E-03    21   6.0944  
  22   -6   2.4313   3.4605  0.6378E-02  0.1843E-02  0.2908E-03    22   6.1875  
  23    0   2.4315   3.6319  0.5379E-02  0.1481E-02  0.2216E-03    23   6.3625  
  24    2   2.6135   4.0363  0.5685E-02  0.1409E-02  0.1716E-03    24   6.5732  
  25   -8   2.6289   3.7564  0.7899E-02  0.2103E-02  0.1622E-03    25   6.6331  
  26   -4   2.8453   3.7814  0.6501E-02  0.1719E-02  0.9645E-04    26   6.7510  
  27   -4   2.8734   3.5695  0.6777E-02  0.1899E-02  0.8995E-04    27   7.2190  
  28   -2   3.0553   3.9984  0.7094E-02  0.1774E-02  0.8216E-04    28  10.4890  
  29   -6   3.0709   3.9506  0.7972E-02  0.2018E-02  0.4520E-04    29   0.0000  
  30    4   3.2361   4.1556  0.7407E-02  0.1782E-02  0.4074E-04    30   0.0000  
  31   -4   3.2529   4.4155  0.7092E-02  0.1606E-02  0.2049E-04    31   0.0000  
  32   -2   3.2873   3.8619  0.7282E-02  0.1886E-02  0.9566E-05    32   0.0000  
                                                                                
 ENERGIES (LOWEST 6 OUT OF 28):  2.398  2.771  3.400  3.426  3.557  3.987       
 CUTOFF OF THE NORM EIGENVALUE:  0.4976E-04 ( 0.9566E-05 0.1659E-02 0.1049E-01) 
                                                                                
******** SPIN = 18 ********                                                     
                                                                                
 BAND KQP=   EQP=    HH/HN=    HH=         HN=       EIGEN NORM  STATE  ENERGY  
   1   -1   1.5472   3.5260  0.3166E-02  0.8979E-03  0.8396E-02     1   2.6909  
   2   -5   1.9891   3.3138  0.4367E-02  0.1318E-02  0.5680E-02     2   3.1167  
   3    7   1.9895   3.6828  0.4696E-02  0.1275E-02  0.3715E-02     3   3.7563  
   4   -7   2.1867   3.6520  0.5188E-02  0.1421E-02  0.3696E-02     4   3.8947  
   5   -3   2.4031   3.6046  0.4647E-02  0.1289E-02  0.3238E-02     5   3.9487  
   6    3   2.4313   4.0010  0.4266E-02  0.1066E-02  0.2220E-02     6   4.3449  
   7    5   2.4315   3.7161  0.5037E-02  0.1355E-02  0.1735E-02     7   4.3880  
   8    3   2.6135   4.3191  0.4668E-02  0.1081E-02  0.1482E-02     8   4.7031  
   9    1   2.6289   4.6976  0.3990E-02  0.8493E-03  0.1398E-02     9   4.7174  
  10    5   2.8453   3.9977  0.5498E-02  0.1375E-02  0.1158E-02    10   4.9447  
  11    1   2.8734   3.9201  0.5097E-02  0.1300E-02  0.9761E-03    11   5.2042  
  12   -1   3.0553   4.5861  0.5423E-02  0.1183E-02  0.9340E-03    12   5.3173  
  13   -1   3.0709   4.4438  0.5115E-02  0.1151E-02  0.8507E-03    13   5.4383  
  14    1   3.2361   4.4831  0.5409E-02  0.1206E-02  0.6397E-03    14   5.5425  
  15   -3   3.2529   4.7711  0.5382E-02  0.1128E-02  0.4813E-03    15   5.8268  
  16    3   3.2873   4.0147  0.6089E-02  0.1517E-02  0.4565E-03    16   6.0359  
  17    6   1.5472   3.2167  0.3945E-02  0.1226E-02  0.3567E-03    17   6.1205  
  18    2   1.9891   3.4900  0.3859E-02  0.1106E-02  0.3101E-03    18   6.2671  
  19   -2   1.9895   4.1058  0.3445E-02  0.8390E-03  0.2804E-03    19   6.3404  
  20    0   2.1867   4.0807  0.3770E-02  0.9238E-03  0.2378E-03    20   6.4863  
  21    4   2.4031   3.5479  0.4836E-02  0.1363E-02  0.2255E-03    21   6.5898  
  22   -6   2.4313   3.7691  0.5086E-02  0.1349E-02  0.1933E-03    22   6.7849  
  23    0   2.4315   3.9044  0.4322E-02  0.1107E-02  0.1418E-03    23   6.9003  
  24    2   2.6135   4.3118  0.4530E-02  0.1051E-02  0.1059E-03    24   6.9631  
  25   -8   2.6289   4.0977  0.6203E-02  0.1514E-02  0.9948E-04    25   7.1111  
  26   -4   2.8453   4.0684  0.5193E-02  0.1276E-02  0.6989E-04    26   7.1675  
  27   -4   2.8734   3.7806  0.5514E-02  0.1459E-02  0.6085E-04    27   7.6473  
  28   -2   3.0553   4.7380  0.5224E-02  0.1103E-02  0.5069E-04    28   8.8638  
  29   -6   3.0709   4.2175  0.6413E-02  0.1521E-02  0.2709E-04    29   0.0000  
  30    4   3.2361   4.3624  0.5932E-02  0.1360E-02  0.2346E-04    30   0.0000  
  31   -4   3.2529   4.7187  0.5627E-02  0.1193E-02  0.1227E-04    31   0.0000  
  32   -2   3.2873   4.0783  0.5933E-02  0.1455E-02  0.5241E-05    32   0.0000  
                                                                                
 ENERGIES (LOWEST 6 OUT OF 28):  2.691  3.117  3.756  3.895  3.949  4.345       
 CUTOFF OF THE NORM EIGENVALUE:  0.3680E-04 ( 0.5241E-05 0.1227E-02 0.8396E-02) 
                                                                                
******** SPIN = 19 ********                                                     
                                                                                
 BAND KQP=   EQP=    HH/HN=    HH=         HN=       EIGEN NORM  STATE  ENERGY  
   1   -1   1.5472   3.8717  0.2471E-02  0.6383E-03  0.6500E-02     1   3.0283  
   2   -5   1.9891   3.6275  0.3474E-02  0.9578E-03  0.4329E-02     2   3.4580  
   3    7   1.9895   4.0464  0.3618E-02  0.8941E-03  0.3047E-02     3   3.9565  
   4   -7   2.1867   3.9972  0.4063E-02  0.1016E-02  0.2671E-02     4   4.1812  
   5   -3   2.4031   3.8944  0.3702E-02  0.9505E-03  0.2354E-02     5   4.3077  
   6    3   2.4313   4.3401  0.3310E-02  0.7626E-03  0.1617E-02     6   4.7396  
   7    5   2.4315   4.0141  0.3992E-02  0.9946E-03  0.1164E-02     7   4.8898  
   8    3   2.6135   4.5383  0.3643E-02  0.8027E-03  0.1015E-02     8   5.1111  
   9    1   2.6289   5.0672  0.3026E-02  0.5973E-03  0.9673E-03     9   5.1558  
  10    5   2.8453   4.3082  0.4312E-02  0.1001E-02  0.8210E-03    10   5.2283  
  11    1   2.8734   4.1843  0.4072E-02  0.9731E-03  0.7582E-03    11   5.5037  
  12   -1   3.0553   4.6261  0.4227E-02  0.9138E-03  0.6712E-03    12   5.6744  
  13   -1   3.0709   4.7432  0.4019E-02  0.8472E-03  0.5629E-03    13   5.7911  
  14    1   3.2361   4.7505  0.4255E-02  0.8956E-03  0.3862E-03    14   6.2085  
  15   -3   3.2529   5.0968  0.4186E-02  0.8213E-03  0.3315E-03    15   6.2236  
  16    3   3.2873   4.2829  0.4899E-02  0.1144E-02  0.2951E-03    16   6.4647  
  17    6   1.5472   3.5595  0.3107E-02  0.8729E-03  0.2122E-03    17   6.5525  
  18    2   1.9891   3.8069  0.3055E-02  0.8025E-03  0.2081E-03    18   6.7317  
  19   -2   1.9895   4.4724  0.2628E-02  0.5876E-03  0.1831E-03    19   6.7327  
  20    0   2.1867   4.4294  0.2921E-02  0.6594E-03  0.1680E-03    20   6.9050  
  21    4   2.4031   3.8375  0.3858E-02  0.1005E-02  0.1413E-03    21   6.9397  
  22   -6   2.4313   4.1040  0.3969E-02  0.9671E-03  0.1175E-03    22   7.0354  
  23    0   2.4315   4.2028  0.3409E-02  0.8112E-03  0.9043E-04    23   7.1290  
  24    2   2.6135   4.6315  0.3512E-02  0.7583E-03  0.6607E-04    24   7.3833  
  25   -8   2.6289   4.4634  0.4764E-02  0.1067E-02  0.6208E-04    25   7.5090  
  26   -4   2.8453   4.3807  0.4065E-02  0.9279E-03  0.3682E-04    26   7.5804  
  27   -4   2.8734   4.0664  0.4425E-02  0.1088E-02  0.3590E-04    27   8.2419  
  28   -2   3.0553   4.4964  0.4573E-02  0.1017E-02  0.2985E-04    28  13.2898  
  29   -6   3.0709   4.5123  0.5066E-02  0.1123E-02  0.1638E-04    29   0.0000  
  30    4   3.2361   4.6736  0.4686E-02  0.1003E-02  0.1393E-04    30   0.0000  
  31   -4   3.2529   5.0181  0.4379E-02  0.8727E-03  0.6889E-05    31   0.0000  
  32   -2   3.2873   4.3160  0.4794E-02  0.1111E-02  0.3059E-05    32   0.0000  
                                                                                
 ENERGIES (LOWEST 6 OUT OF 28):  3.028  3.458  3.956  4.181  4.308  4.740       
 CUTOFF OF THE NORM EIGENVALUE:  0.2708E-04 ( 0.3059E-05 0.9026E-03 0.6500E-02) 
                                                                                
******** SPIN = 20 ********                                                     
                                                                                
 BAND KQP=   EQP=    HH/HN=    HH=         HN=       EIGEN NORM  STATE  ENERGY  
   1   -1   1.5472   4.2398  0.1886E-02  0.4448E-03  0.4968E-02     1   3.3614  
   2   -5   1.9891   3.9627  0.2704E-02  0.6824E-03  0.3142E-02     2   3.8679  
   3    7   1.9895   4.4335  0.2723E-02  0.6143E-03  0.2039E-02     3   4.5166  
   4   -7   2.1867   4.3655  0.3112E-02  0.7128E-03  0.1951E-02     4   4.5833  
   5   -3   2.4031   4.2103  0.2889E-02  0.6863E-03  0.1662E-02     5   4.7606  
   6    3   2.4313   4.7034  0.2513E-02  0.5343E-03  0.1097E-02     6   5.1046  
   7    5   2.4315   4.3241  0.3099E-02  0.7168E-03  0.8279E-03     7   5.2241  
   8    3   2.6135   4.9877  0.2778E-02  0.5569E-03  0.7131E-03     8   5.3973  
   9    1   2.6289   5.4590  0.2247E-02  0.4116E-03  0.6981E-03     9   5.5780  
  10    5   2.8453   4.6438  0.3311E-02  0.7131E-03  0.5310E-03    10   5.8121  
  11    1   2.8734   4.4796  0.3197E-02  0.7136E-03  0.4736E-03    11   6.0686  
  12   -1   3.0553   5.2327  0.3251E-02  0.6213E-03  0.4230E-03    12   6.1927  
  13   -1   3.0709   5.0678  0.3098E-02  0.6113E-03  0.3829E-03    13   6.2432  
  14    1   3.2361   5.0503  0.3292E-02  0.6518E-03  0.2777E-03    14   6.4259  
  15   -3   3.2529   5.4260  0.3198E-02  0.5893E-03  0.2014E-03    15   6.6759  
  16    3   3.2873   4.5053  0.3883E-02  0.8619E-03  0.1962E-03    16   6.9008  
  17    6   1.5472   3.9245  0.2391E-02  0.6091E-03  0.1638E-03    17   6.9873  
  18    2   1.9891   4.1476  0.2367E-02  0.5708E-03  0.1266E-03    18   7.0766  
  19   -2   1.9895   4.8614  0.1961E-02  0.4033E-03  0.1147E-03    19   7.1789  
  20    0   2.1867   4.8003  0.2215E-02  0.4614E-03  0.9956E-04    20   7.4534  
  21    4   2.4031   4.1496  0.3016E-02  0.7268E-03  0.8949E-04    21   7.6314  
  22   -6   2.4313   4.4639  0.3030E-02  0.6788E-03  0.7559E-04    22   7.6585  
  23    0   2.4315   4.5253  0.2638E-02  0.5828E-03  0.5545E-04    23   7.9114  
  24    2   2.6135   4.9714  0.2699E-02  0.5429E-03  0.3939E-04    24   7.9879  
  25   -8   2.6289   4.8528  0.3577E-02  0.7371E-03  0.3622E-04    25   8.1013  
  26   -4   2.8453   4.7178  0.3116E-02  0.6606E-03  0.2828E-04    26   8.6547  
  27   -4   2.8734   4.3210  0.3478E-02  0.8049E-03  0.2254E-04    27  10.3938  
  28   -2   3.0553   5.3837  0.3105E-02  0.5767E-03  0.1785E-04    28   0.0000  
  29   -6   3.0709   4.8299  0.3926E-02  0.8128E-03  0.9434E-05    29   0.0000  
  30    4   3.2361   4.9091  0.3627E-02  0.7388E-03  0.7693E-05    30   0.0000  
  31   -4   3.2529   5.3765  0.3348E-02  0.6227E-03  0.4028E-05    31   0.0000  
  32   -2   3.2873   4.5773  0.3772E-02  0.8241E-03  0.1607E-05    32   0.0000  
                                                                                
 ENERGIES (LOWEST 6 OUT OF 27):  3.361  3.868  4.517  4.583  4.761  5.105       
 CUTOFF OF THE NORM EIGENVALUE:  0.1920E-04 ( 0.1607E-05 0.6399E-03 0.4968E-02) 
                                                                                
******** SPIN = 21 ********                                                     
                                                                                
 BAND KQP=   EQP=    HH/HN=    HH=         HN=       EIGEN NORM  STATE  ENERGY  
   1   -1   1.5472   4.6299  0.1407E-02  0.3040E-03  0.3652E-02     1   3.7568  
   2   -5   1.9891   4.3272  0.2060E-02  0.4761E-03  0.2299E-02     2   4.2417  
   3    7   1.9895   4.8436  0.2003E-02  0.4136E-03  0.1657E-02     3   4.6055  
   4   -7   2.1867   4.7570  0.2330E-02  0.4899E-03  0.1328E-02     4   5.0204  
   5   -3   2.4031   4.5483  0.2210E-02  0.4858E-03  0.1153E-02     5   5.1531  
   6    3   2.4313   5.0901  0.1867E-02  0.3667E-03  0.7741E-03     6   5.5615  
   7    5   2.4315   4.6780  0.2362E-02  0.5049E-03  0.5262E-03     7   5.7369  
   8    3   2.6135   5.2084  0.2097E-02  0.4027E-03  0.4638E-03     8   6.0218  
   9    1   2.6289   5.8723  0.1633E-02  0.2781E-03  0.4597E-03     9   6.0274  
  10    5   2.8453   5.0037  0.2489E-02  0.4975E-03  0.3699E-03    10   6.0405  
  11    1   2.8734   4.7953  0.2461E-02  0.5133E-03  0.3589E-03    11   6.3020  
  12   -1   3.0553   5.2099  0.2528E-02  0.4853E-03  0.2976E-03    12   6.6300  
  13   -1   3.0709   5.4172  0.2342E-02  0.4324E-03  0.2410E-03    13   6.7322  
  14    1   3.2361   5.3640  0.2499E-02  0.4658E-03  0.1564E-03    14   7.0101  
  15   -3   3.2529   5.7955  0.2393E-02  0.4129E-03  0.1349E-03    15   7.2040  
  16    3   3.2873   4.8467  0.3009E-02  0.6209E-03  0.1220E-03    16   7.4101  
  17    6   1.5472   4.3138  0.1797E-02  0.4166E-03  0.8783E-04    17   7.4736  
  18    2   1.9891   4.5120  0.1795E-02  0.3978E-03  0.8484E-04    18   7.5922  
  19   -2   1.9895   5.2722  0.1431E-02  0.2714E-03  0.7204E-04    19   7.6206  
  20    0   2.1867   5.1931  0.1644E-02  0.3166E-03  0.7112E-04    20   7.9229  
  21    4   2.4031   4.4893  0.2310E-02  0.5144E-03  0.5377E-04    21   8.0093  
  22   -6   2.4313   4.8486  0.2262E-02  0.4665E-03  0.4397E-04    22   8.1382  
  23    0   2.4315   4.8730  0.2000E-02  0.4104E-03  0.3423E-04    23   8.2128  
  24    2   2.6135   5.3114  0.2013E-02  0.3790E-03  0.2391E-04    24   8.4971  
  25   -8   2.6289   5.2654  0.2626E-02  0.4987E-03  0.2186E-04    25   8.6504  
  26   -4   2.8453   5.0787  0.2339E-02  0.4606E-03  0.1349E-04    26   0.0000  
  27   -4   2.8734   4.6763  0.2687E-02  0.5747E-03  0.1305E-04    27   0.0000  
  28   -2   3.0553   5.0959  0.2751E-02  0.5398E-03  0.1008E-04    28   0.0000  
  29   -6   3.0709   5.1773  0.2984E-02  0.5763E-03  0.5558E-05    29   0.0000  
  30    4   3.2361   5.2954  0.2759E-02  0.5210E-03  0.4444E-05    30   0.0000  
  31   -4   3.2529   5.7087  0.2510E-02  0.4396E-03  0.2168E-05    31   0.0000  
  32   -2   3.2873   4.8796  0.2943E-02  0.6032E-03  0.9192E-06    32   0.0000  
                                                                                
 ENERGIES (LOWEST 6 OUT OF 25):  3.757  4.242  4.606  5.020  5.153  5.562       
 CUTOFF OF THE NORM EIGENVALUE:  0.1363E-04 ( 0.9192E-06 0.4543E-03 0.3652E-02) 
                                                                                
******** SPIN = 22 ********                                                     
                                                                                
 BAND KQP=   EQP=    HH/HN=    HH=         HN=       EIGEN NORM  STATE  ENERGY  
   1   -1   1.5472   5.0415  0.1027E-02  0.2037E-03  0.2672E-02     1   4.1216  
   2   -5   1.9891   4.7084  0.1534E-02  0.3258E-03  0.1580E-02     2   4.7183  
   3    7   1.9895   5.2756  0.1440E-02  0.2729E-03  0.1030E-02     3   5.3381  
   4   -7   2.1867   5.1703  0.1707E-02  0.3301E-03  0.9378E-03     4   5.3703  
   5   -3   2.4031   4.9109  0.1654E-02  0.3368E-03  0.7803E-03     5   5.6605  
   6    3   2.4313   5.4992  0.1356E-02  0.2466E-03  0.4948E-03     6   5.9419  
   7    5   2.4315   5.0327  0.1761E-02  0.3498E-03  0.3646E-03     7   6.1411  
   8    3   2.6135   5.7510  0.1528E-02  0.2657E-03  0.3296E-03     8   6.1533  
   9    1   2.6289   6.3067  0.1162E-02  0.1842E-03  0.3101E-03     9   6.5355  
  10    5   2.8453   5.3868  0.1831E-02  0.3400E-03  0.2236E-03    10   6.6415  
  11    1   2.8734   5.1434  0.1857E-02  0.3611E-03  0.2118E-03    11   6.9903  
  12   -1   3.0553   5.9759  0.1800E-02  0.3012E-03  0.1761E-03    12   7.0823  
  13   -1   3.0709   5.7905  0.1736E-02  0.2997E-03  0.1590E-03    13   7.1325  
  14    1   3.2361   5.7139  0.1860E-02  0.3255E-03  0.1117E-03    14   7.1344  
  15   -3   3.2529   6.1716  0.1760E-02  0.2852E-03  0.7916E-04    15   7.4048  
  16    3   3.2873   5.1011  0.2304E-02  0.4518E-03  0.7650E-04    16   7.7628  
  17    6   1.5472   4.7233  0.1320E-02  0.2794E-03  0.7000E-04    17   7.8790  
  18    2   1.9891   4.8992  0.1331E-02  0.2718E-03  0.4799E-04    18   8.0359  
  19   -2   1.9895   5.7042  0.1021E-02  0.1790E-03  0.4337E-04    19   8.1542  
  20    0   2.1867   5.6073  0.1194E-02  0.2130E-03  0.3878E-04    20   8.4189  
  21    4   2.4031   4.8471  0.1731E-02  0.3571E-03  0.3308E-04    21   8.6341  
  22   -6   2.4313   5.2560  0.1651E-02  0.3141E-03  0.2740E-04    22   8.6511  
  23    0   2.4315   5.2446  0.1486E-02  0.2834E-03  0.2011E-04    23   9.0165  
  24    2   2.6135   5.7257  0.1487E-02  0.2598E-03  0.1371E-04    24   9.1511  
  25   -8   2.6289   5.7003  0.1884E-02  0.3306E-03  0.1219E-04    25   9.2608  
  26   -4   2.8453   5.4630  0.1718E-02  0.3145E-03  0.1074E-04    26  12.1476  
  27   -4   2.8734   4.9688  0.2034E-02  0.4095E-03  0.7817E-05    27   0.0000  
  28   -2   3.0553   6.1248  0.1707E-02  0.2788E-03  0.5857E-05    28   0.0000  
  29   -6   3.0709   5.5436  0.2221E-02  0.4007E-03  0.3071E-05    29   0.0000  
  30    4   3.2361   5.5525  0.2061E-02  0.3712E-03  0.2355E-05    30   0.0000  
  31   -4   3.2529   6.1269  0.1845E-02  0.3011E-03  0.1241E-05    31   0.0000  
  32   -2   3.2873   5.1793  0.2231E-02  0.4307E-03  0.4627E-06    32   0.0000  
                                                                                
 ENERGIES (LOWEST 6 OUT OF 26):  4.122  4.718  5.338  5.370  5.660  5.942       
 CUTOFF OF THE NORM EIGENVALUE:  0.9258E-05 ( 0.4627E-06 0.3086E-03 0.2672E-02) 
                                                                                
******** SPIN = 23 ********                                                     
                                                                                
 BAND KQP=   EQP=    HH/HN=    HH=         HN=       EIGEN NORM  STATE  ENERGY  
   1   -1   1.5472   5.4741  0.7330E-03  0.1339E-03  0.1866E-02     1   4.5749  
   2   -5   1.9891   5.1213  0.1117E-02  0.2182E-03  0.1114E-02     2   5.1116  
   3    7   1.9895   5.7295  0.1012E-02  0.1766E-03  0.8288E-03     3   5.3448  
   4   -7   2.1867   5.6063  0.1222E-02  0.2180E-03  0.6038E-03     4   5.9329  
   5   -3   2.4031   5.2954  0.1213E-02  0.2290E-03  0.5163E-03     5   6.0675  
   6    3   2.4313   5.9300  0.9639E-03  0.1625E-03  0.3399E-03     6   6.3866  
   7    5   2.4315   5.4425  0.1287E-02  0.2364E-03  0.2190E-03     7   6.6574  
   8    3   2.6135   5.9629  0.1118E-02  0.1875E-03  0.2060E-03     8   6.8015  
   9    1   2.6289   6.7615  0.8087E-03  0.1196E-03  0.1921E-03     9   6.9005  
  10    5   2.8453   5.7930  0.1318E-02  0.2276E-03  0.1632E-03    10   7.0111  
  11    1   2.8734   5.5102  0.1375E-02  0.2495E-03  0.1475E-03    11   7.1637  
  12   -1   3.0553   5.8927  0.1407E-02  0.2388E-03  0.1215E-03    12   7.1839  
  13   -1   3.0709   6.1877  0.1260E-02  0.2037E-03  0.9533E-04    13   7.6513  
  14    1   3.2361   6.0762  0.1360E-02  0.2239E-03  0.5855E-04    14   7.7452  
  15   -3   3.2529   6.5799  0.1266E-02  0.1925E-03  0.5080E-04    15   8.2060  
  16    3   3.2873   5.5176  0.1712E-02  0.3103E-03  0.4658E-04    16   8.3239  
  17    6   1.5472   5.1574  0.9475E-03  0.1837E-03  0.3453E-04    17   8.5052  
  18    2   1.9891   5.3083  0.9660E-03  0.1820E-03  0.3149E-04    18   8.5366  
  19   -2   1.9895   6.1568  0.7130E-03  0.1158E-03  0.2811E-04    19   8.5716  
  20    0   2.1867   6.0424  0.8492E-03  0.1405E-03  0.2626E-04    20   8.9309  
  21    4   2.4031   5.2356  0.1270E-02  0.2426E-03  0.1905E-04    21   9.0246  
  22   -6   2.4313   5.6866  0.1178E-02  0.2072E-03  0.1527E-04    22   9.1673  
  23    0   2.4315   5.6393  0.1081E-02  0.1918E-03  0.1205E-04    23   9.2653  
  24    2   2.6135   6.0739  0.1068E-02  0.1759E-03  0.8094E-05    24   9.5880  
  25   -8   2.6289   6.1570  0.1322E-02  0.2148E-03  0.7148E-05    25   9.7364  
  26   -4   2.8453   5.8694  0.1235E-02  0.2104E-03  0.4722E-05    26   0.0000  
  27   -4   2.8734   5.3941  0.1507E-02  0.2794E-03  0.4352E-05    27   0.0000  
  28   -2   3.0553   5.7937  0.1536E-02  0.2651E-03  0.3174E-05    28   0.0000  
  29   -6   3.0709   5.9425  0.1620E-02  0.2727E-03  0.1767E-05    29   0.0000  
  30    4   3.2361   6.0191  0.1504E-02  0.2499E-03  0.1327E-05    30   0.0000  
  31   -4   3.2529   6.4849  0.1331E-02  0.2053E-03  0.6399E-06    31   0.0000  
  32   -2   3.2873   5.5492  0.1674E-02  0.3016E-03  0.2598E-06    32   0.0000  
                                                                                
 ENERGIES (LOWEST 6 OUT OF 25):  4.575  5.112  5.345  5.933  6.067  6.387       
 CUTOFF OF THE NORM EIGENVALUE:  0.6344E-05 ( 0.2598E-06 0.2115E-03 0.1866E-02) 
                                                                                
******** SPIN = 24 ********                                                     
                                                                                
 BAND KQP=   EQP=    HH/HN=    HH=         HN=       EIGEN NORM  STATE  ENERGY  
   1   -1   1.5472   5.9271  0.5116E-03  0.8632E-04  0.1311E-02     1   4.9634  
   2   -5   1.9891   5.5445  0.7955E-03  0.1435E-03  0.7244E-03     2   5.6631  
   3    7   1.9895   6.2035  0.6948E-03  0.1120E-03  0.4776E-03     3   6.2222  
   4   -7   2.1867   6.0621  0.8559E-03  0.1412E-03  0.4137E-03     4   6.2504  
   5   -3   2.4031   5.7017  0.8695E-03  0.1525E-03  0.3362E-03     5   6.6405  
   6    3   2.4313   6.3817  0.6701E-03  0.1050E-03  0.2042E-03     6   6.8771  
   7    5   2.4315   5.8369  0.9198E-03  0.1576E-03  0.1496E-03     7   6.9925  
   8    3   2.6135   6.6063  0.7751E-03  0.1173E-03  0.1417E-03     8   7.1791  
   9    1   2.6289   7.2361  0.5512E-03  0.7617E-04  0.1259E-03     9   7.5732  
  10    5   2.8453   6.2205  0.9284E-03  0.1493E-03  0.8756E-04    10   7.8610  
  11    1   2.8734   5.9049  0.9949E-03  0.1685E-03  0.8681E-04    11   8.0142  
  12   -1   3.0553   6.8104  0.9187E-03  0.1349E-03  0.6753E-04    12   8.1057  
  13   -1   3.0709   6.6073  0.8965E-03  0.1357E-03  0.6112E-04    13   8.1073  
  14    1   3.2361   6.4698  0.9723E-03  0.1503E-03  0.4166E-04    14   8.4066  
  15   -3   3.2529   7.0060  0.8960E-03  0.1279E-03  0.2901E-04    15   8.7266  
  16    3   3.2873   5.7975  0.1266E-02  0.2183E-03  0.2795E-04    16   8.9136  
  17    6   1.5472   5.6084  0.6646E-03  0.1185E-03  0.2727E-04    17   9.0730  
  18    2   1.9891   5.7392  0.6857E-03  0.1195E-03  0.1693E-04    18   9.2067  
  19   -2   1.9895   6.6293  0.4870E-03  0.7347E-04  0.1517E-04    19   9.3809  
  20    0   2.1867   6.4978  0.5910E-03  0.9095E-04  0.1408E-04    20   9.6609  
  21    4   2.4031   5.6355  0.9122E-03  0.1619E-03  0.1141E-04    21   9.7142  
  22   -6   2.4313   6.1375  0.8221E-03  0.1339E-03  0.9237E-05    22  10.0295  
  23    0   2.4315   6.0577  0.7708E-03  0.1272E-03  0.6776E-05    23  10.2138  
  24    2   2.6135   6.5719  0.7564E-03  0.1151E-03  0.4454E-05    24  10.3943  
  25   -8   2.6289   6.6343  0.9077E-03  0.1368E-03  0.3846E-05    25   0.0000  
  26   -4   2.8453   6.2978  0.8689E-03  0.1380E-03  0.3811E-05    26   0.0000  
  27   -4   2.8734   5.7175  0.1098E-02  0.1920E-03  0.2541E-05    27   0.0000  
  28   -2   3.0553   6.9570  0.8669E-03  0.1246E-03  0.1795E-05    28   0.0000  
  29   -6   3.0709   6.3538  0.1157E-02  0.1821E-03  0.9363E-06    29   0.0000  
  30    4   3.2361   6.2893  0.1084E-02  0.1724E-03  0.6748E-06    30   0.0000  
  31   -4   3.2529   6.9679  0.9397E-03  0.1349E-03  0.3590E-06    31   0.0000  
  32   -2   3.2873   5.8800  0.1221E-02  0.2076E-03  0.1253E-06    32   0.0000  
                                                                                
 ENERGIES (LOWEST 6 OUT OF 24):  4.963  5.663  6.222  6.250  6.641  6.877       
 CUTOFF OF THE NORM EIGENVALUE:  0.4130E-05 ( 0.1253E-06 0.1377E-03 0.1311E-02) 
                                                                                
******** SPIN = 25 ********                                                     
                                                                                
 BAND KQP=   EQP=    HH/HN=    HH=         HN=       EIGEN NORM  STATE  ENERGY  
   1   -1   1.5472   6.3998  0.3494E-03  0.5460E-04  0.8699E-03     1   5.4775  
   2   -5   1.9891   6.0037  0.5541E-03  0.9230E-04  0.4938E-03     2   6.0773  
   3    7   1.9895   6.6982  0.4667E-03  0.6967E-04  0.3818E-03     3   6.1703  
   4   -7   2.1867   6.5401  0.5863E-03  0.8965E-04  0.2518E-03     4   6.9183  
   5   -3   2.4031   6.1309  0.6107E-03  0.9960E-04  0.2122E-03     5   7.1184  
   6    3   2.4313   6.8535  0.4558E-03  0.6651E-04  0.1372E-03     6   7.4798  
   7    5   2.4315   6.3021  0.6441E-03  0.1022E-03  0.8485E-04     7   7.6587  
   8    3   2.6135   6.7984  0.5513E-03  0.8109E-04  0.8419E-04     8   7.8573  
   9    1   2.6289   7.7299  0.3678E-03  0.4758E-04  0.7408E-04     9   8.0634  
  10    5   2.8453   6.6702  0.6399E-03  0.9593E-04  0.6709E-04    10   8.1202  
  11    1   2.8734   6.3228  0.7071E-03  0.1118E-03  0.5553E-04    11   8.1471  
  12   -1   3.0553   6.6701  0.7258E-03  0.1088E-03  0.4572E-04    12   8.7042  
  13   -1   3.0709   7.0494  0.6247E-03  0.8862E-04  0.3495E-04    13   8.8215  
  14    1   3.2361   6.8835  0.6843E-03  0.9941E-04  0.2030E-04    14   9.2755  
  15   -3   3.2529   7.4459  0.6197E-03  0.8323E-04  0.1776E-04    15   9.3628  
  16    3   3.2873   6.2897  0.8978E-03  0.1427E-03  0.1647E-04    16   9.5820  
  17    6   1.5472   6.0851  0.4560E-03  0.7493E-04  0.1267E-04    17   9.5964  
  18    2   1.9891   6.1901  0.4761E-03  0.7691E-04  0.1086E-04    18   9.6956  
  19   -2   1.9895   7.1210  0.3256E-03  0.4572E-04  0.1038E-04    19  10.0331  
  20    0   2.1867   6.9729  0.4026E-03  0.5774E-04  0.8896E-05    20  10.0820  
  21    4   2.4031   6.0713  0.6410E-03  0.1056E-03  0.6294E-05    21  10.2780  
  22   -6   2.4313   6.6108  0.5610E-03  0.8486E-04  0.4935E-05    22  10.3587  
  23    0   2.4315   6.4967  0.5378E-03  0.8278E-04  0.3956E-05    23  10.7063  
  24    2   2.6135   6.9157  0.5245E-03  0.7584E-04  0.2560E-05    24   0.0000  
  25   -8   2.6289   7.1320  0.6094E-03  0.8544E-04  0.2182E-05    25   0.0000  
  26   -4   2.8453   6.7470  0.5982E-03  0.8866E-04  0.1551E-05    26   0.0000  
  27   -4   2.8734   6.2124  0.7775E-03  0.1251E-03  0.1358E-05    27   0.0000  
  28   -2   3.0553   6.5847  0.7933E-03  0.1205E-03  0.9334E-06    28   0.0000  
  29   -6   3.0709   6.8028  0.8096E-03  0.1190E-03  0.5267E-06    29   0.0000  
  30    4   3.2361   6.8403  0.7568E-03  0.1106E-03  0.3711E-06    30   0.0000  
  31   -4   3.2529   7.3427  0.6532E-03  0.8896E-04  0.1773E-06    31   0.0000  
  32   -2   3.2873   6.3194  0.8777E-03  0.1389E-03  0.6915E-07    32   0.0000  
                                                                                
 ENERGIES (LOWEST 6 OUT OF 23):  5.477  6.077  6.170  6.918  7.118  7.480       
 CUTOFF OF THE NORM EIGENVALUE:  0.2733E-05 ( 0.6915E-07 0.9111E-04 0.8699E-03) 
                                                                                
                                                                                
 SPIN   YRAST-E   DELTA-E   SPIN (LOWEST):  1                                   
 ~~~~   ~~~~~~~   ~~~~~~~                                                       
    0    1.2670                                                                 
    1    0.8067   -0.4603                                                       
    2    0.8116    0.0049                                                       
    3    0.8224    0.0108                                                       
    4    0.8409    0.0185                                                       
    5    0.8681    0.0272                                                       
    6    0.8098   -0.0584                                                       
    7    0.8377    0.0279                                                       
    8    0.8840    0.0463                                                       
    9    0.9474    0.0634                                                       
   10    1.0335    0.0861                                                       
   11    1.1458    0.1122                                                       
   12    1.2853    0.1396                                                       
   13    1.4532    0.1678                                                       
   14    1.6475    0.1944                                                       
   15    1.8717    0.2242                                                       
   16    2.1177    0.2459                                                       
   17    2.3984    0.2808                                                       
   18    2.6909    0.2924                                                       
   19    3.0283    0.3375                                                       
   20    3.3614    0.3331                                                       
   21    3.7568    0.3955                                                       
   22    4.1216    0.3647                                                       
   23    4.5749    0.4533                                                       
   24    4.9634    0.3884                                                       
   25    5.4775    0.5141                                                       
