# ENRGIES RELATIVE TO  0.8067                                                   
# YRAST                                                                         
  0.0    0.4603                                                                 
  1.0    0.0000                                                                 
  2.0    0.0049                                                                 
  3.0    0.0157                                                                 
  4.0    0.0342                                                                 
  5.0    0.0614                                                                 
  6.0    0.0030                                                                 
  7.0    0.0310                                                                 
  8.0    0.0773                                                                 
  9.0    0.1407                                                                 
 10.0    0.2268                                                                 
 11.0    0.3390                                                                 
 12.0    0.4786                                                                 
 13.0    0.6464                                                                 
 14.0    0.8408                                                                 
 15.0    1.0650                                                                 
 16.0    1.3109                                                                 
 17.0    1.5917                                                                 
 18.0    1.8841                                                                 
 19.0    2.2216                                                                 
 20.0    2.5547                                                                 
 21.0    2.9501                                                                 
 22.0    3.3149                                                                 
 23.0    3.7682                                                                 
 24.0    4.1566                                                                 
 25.0    4.6708                                                                 
&                                                                               
# BAND:  1   K = -1                                                             
  1.0    0.0299                                                                 
  2.0    0.0546                                                                 
  3.0    0.0919                                                                 
  4.0    0.1426                                                                 
  5.0    0.2070                                                                 
  6.0    0.2861                                                                 
  7.0    0.3808                                                                 
  8.0    0.4921                                                                 
  9.0    0.6210                                                                 
 10.0    0.7686                                                                 
 11.0    0.9360                                                                 
 12.0    1.1240                                                                 
 13.0    1.3335                                                                 
 14.0    1.5651                                                                 
 15.0    1.8193                                                                 
 16.0    2.0964                                                                 
 17.0    2.3963                                                                 
 18.0    2.7193                                                                 
 19.0    3.0650                                                                 
 20.0    3.4330                                                                 
 21.0    3.8232                                                                 
 22.0    4.2348                                                                 
 23.0    4.6674                                                                 
 24.0    5.1203                                                                 
 25.0    5.5931                                                                 
&                                                                               
# BAND:  2   K = -5                                                             
  5.0    0.6811                                                                 
  6.0    0.7042                                                                 
  7.0    0.7392                                                                 
  8.0    0.7888                                                                 
  9.0    0.8555                                                                 
 10.0    0.9419                                                                 
 11.0    1.0498                                                                 
 12.0    1.1811                                                                 
 13.0    1.3371                                                                 
 14.0    1.5185                                                                 
 15.0    1.7265                                                                 
 16.0    1.9602                                                                 
 17.0    2.2214                                                                 
 18.0    2.5071                                                                 
 19.0    2.8208                                                                 
 20.0    3.1560                                                                 
 21.0    3.5204                                                                 
 22.0    3.9017                                                                 
 23.0    4.3146                                                                 
 24.0    4.7378                                                                 
 25.0    5.1970                                                                 
&                                                                               
# BAND:  3   K =  7                                                             
  7.0    0.4834                                                                 
  8.0    0.5871                                                                 
  9.0    0.7105                                                                 
 10.0    0.8551                                                                 
 11.0    1.0222                                                                 
 12.0    1.2128                                                                 
 13.0    1.4276                                                                 
 14.0    1.6673                                                                 
 15.0    1.9320                                                                 
 16.0    2.2219                                                                 
 17.0    2.5367                                                                 
 18.0    2.8761                                                                 
 19.0    3.2397                                                                 
 20.0    3.6267                                                                 
 21.0    4.0369                                                                 
 22.0    4.4689                                                                 
 23.0    4.9228                                                                 
 24.0    5.3968                                                                 
 25.0    5.8915                                                                 
&                                                                               
# BAND:  4   K = -7                                                             
  7.0    0.5633                                                                 
  8.0    0.6682                                                                 
  9.0    0.7904                                                                 
 10.0    0.9311                                                                 
 11.0    1.0916                                                                 
 12.0    1.2732                                                                 
 13.0    1.4767                                                                 
 14.0    1.7031                                                                 
 15.0    1.9529                                                                 
 16.0    2.2265                                                                 
 17.0    2.5240                                                                 
 18.0    2.8453                                                                 
 19.0    3.1905                                                                 
 20.0    3.5587                                                                 
 21.0    3.9503                                                                 
 22.0    4.3636                                                                 
 23.0    4.7995                                                                 
 24.0    5.2553                                                                 
 25.0    5.7334                                                                 
&                                                                               
# BAND:  5   K = -3                                                             
  3.0    1.1561                                                                 
  4.0    1.1555                                                                 
  5.0    1.1603                                                                 
  6.0    1.1736                                                                 
  7.0    1.1981                                                                 
  8.0    1.2367                                                                 
  9.0    1.2921                                                                 
 10.0    1.3662                                                                 
 11.0    1.4614                                                                 
 12.0    1.5787                                                                 
 13.0    1.7197                                                                 
 14.0    1.8851                                                                 
 15.0    2.0752                                                                 
 16.0    2.2910                                                                 
 17.0    2.5313                                                                 
 18.0    2.7978                                                                 
 19.0    3.0877                                                                 
 20.0    3.4035                                                                 
 21.0    3.7416                                                                 
 22.0    4.1042                                                                 
 23.0    4.4887                                                                 
 24.0    4.8950                                                                 
 25.0    5.3242                                                                 
&                                                                               
# BAND:  6   K =  3                                                             
  3.0    1.0822                                                                 
  4.0    1.0886                                                                 
  5.0    1.1035                                                                 
  6.0    1.1304                                                                 
  7.0    1.1724                                                                 
  8.0    1.2329                                                                 
  9.0    1.3142                                                                 
 10.0    1.4188                                                                 
 11.0    1.5480                                                                 
 12.0    1.7031                                                                 
 13.0    1.8848                                                                 
 14.0    2.0935                                                                 
 15.0    2.3291                                                                 
 16.0    2.5915                                                                 
 17.0    2.8801                                                                 
 18.0    3.1943                                                                 
 19.0    3.5334                                                                 
 20.0    3.8967                                                                 
 21.0    4.2833                                                                 
 22.0    4.6924                                                                 
 23.0    5.1233                                                                 
 24.0    5.5750                                                                 
 25.0    6.0468                                                                 
&                                                                               
# BAND:  7   K =  5                                                             
  5.0    1.0568                                                                 
  6.0    1.1154                                                                 
  7.0    1.1823                                                                 
  8.0    1.2580                                                                 
  9.0    1.3439                                                                 
 10.0    1.4418                                                                 
 11.0    1.5539                                                                 
 12.0    1.6823                                                                 
 13.0    1.8302                                                                 
 14.0    1.9979                                                                 
 15.0    2.1904                                                                 
 16.0    2.4039                                                                 
 17.0    2.6474                                                                 
 18.0    2.9094                                                                 
 19.0    3.2074                                                                 
 20.0    3.5174                                                                 
 21.0    3.8713                                                                 
 22.0    4.2260                                                                 
 23.0    4.6358                                                                 
 24.0    5.0302                                                                 
 25.0    5.4954                                                                 
&                                                                               
# BAND:  8   K =  3                                                             
  3.0    1.1574                                                                 
  4.0    1.2039                                                                 
  5.0    1.2623                                                                 
  6.0    1.3333                                                                 
  7.0    1.4165                                                                 
  8.0    1.5151                                                                 
  9.0    1.6247                                                                 
 10.0    1.7569                                                                 
 11.0    1.8942                                                                 
 12.0    2.0683                                                                 
 13.0    2.2330                                                                 
 14.0    2.4597                                                                 
 15.0    2.6489                                                                 
 16.0    2.9393                                                                 
 17.0    3.1474                                                                 
 18.0    3.5124                                                                 
 19.0    3.7315                                                                 
 20.0    4.1810                                                                 
 21.0    4.4017                                                                 
 22.0    4.9443                                                                 
 23.0    5.1562                                                                 
 24.0    5.7996                                                                 
 25.0    5.9917                                                                 
&                                                                               
# BAND:  9   K =  1                                                             
  1.0    0.9608                                                                 
  2.0    0.9864                                                                 
  3.0    1.0254                                                                 
  4.0    1.0788                                                                 
  5.0    1.1476                                                                 
  6.0    1.2330                                                                 
  7.0    1.3362                                                                 
  8.0    1.4583                                                                 
  9.0    1.6005                                                                 
 10.0    1.7637                                                                 
 11.0    1.9489                                                                 
 12.0    2.1566                                                                 
 13.0    2.3873                                                                 
 14.0    2.6413                                                                 
 15.0    2.9188                                                                 
 16.0    3.2197                                                                 
 17.0    3.5438                                                                 
 18.0    3.8908                                                                 
 19.0    4.2605                                                                 
 20.0    4.6522                                                                 
 21.0    5.0656                                                                 
 22.0    5.5000                                                                 
 23.0    5.9548                                                                 
 24.0    6.4294                                                                 
 25.0    6.9232                                                                 
&                                                                               
# BAND: 10   K =  5                                                             
  5.0    1.5608                                                                 
  6.0    1.5482                                                                 
  7.0    1.5500                                                                 
  8.0    1.5704                                                                 
  9.0    1.6125                                                                 
 10.0    1.6789                                                                 
 11.0    1.7713                                                                 
 12.0    1.8908                                                                 
 13.0    2.0382                                                                 
 14.0    2.2136                                                                 
 15.0    2.4170                                                                 
 16.0    2.6481                                                                 
 17.0    2.9062                                                                 
 18.0    3.1910                                                                 
 19.0    3.5015                                                                 
 20.0    3.8371                                                                 
 21.0    4.1969                                                                 
 22.0    4.5801                                                                 
 23.0    4.9863                                                                 
 24.0    5.4138                                                                 
 25.0    5.8635                                                                 
&                                                                               
# BAND: 11   K =  1                                                             
  1.0    1.5094                                                                 
  2.0    1.5289                                                                 
  3.0    1.5519                                                                 
  4.0    1.5885                                                                 
  5.0    1.6202                                                                 
  6.0    1.6684                                                                 
  7.0    1.7081                                                                 
  8.0    1.7652                                                                 
  9.0    1.8193                                                                 
 10.0    1.8898                                                                 
 11.0    1.9695                                                                 
 12.0    2.0647                                                                 
 13.0    2.1817                                                                 
 14.0    2.3155                                                                 
 15.0    2.4780                                                                 
 16.0    2.6616                                                                 
 17.0    2.8742                                                                 
 18.0    3.1134                                                                 
 19.0    3.3775                                                                 
 20.0    3.6729                                                                 
 21.0    3.9886                                                                 
 22.0    4.3366                                                                 
 23.0    4.7035                                                                 
 24.0    5.0982                                                                 
 25.0    5.5160                                                                 
&                                                                               
# BAND: 12   K = -1                                                             
  1.0    1.8984                                                                 
  2.0    1.8920                                                                 
  3.0    1.9447                                                                 
  4.0    1.9072                                                                 
  5.0    2.0223                                                                 
  6.0    1.9509                                                                 
  7.0    2.1265                                                                 
  8.0    2.0433                                                                 
  9.0    2.2584                                                                 
 10.0    2.2041                                                                 
 11.0    2.4281                                                                 
 12.0    2.4496                                                                 
 13.0    2.6525                                                                 
 14.0    2.7908                                                                 
 15.0    2.9501                                                                 
 16.0    3.2336                                                                 
 17.0    3.3361                                                                 
 18.0    3.7794                                                                 
 19.0    3.8194                                                                 
 20.0    4.4259                                                                 
 21.0    4.4032                                                                 
 22.0    5.1692                                                                 
 23.0    5.0860                                                                 
 24.0    6.0037                                                                 
 25.0    5.8634                                                                 
&                                                                               
# BAND: 13   K = -1                                                             
  1.0    1.5853                                                                 
  2.0    1.6050                                                                 
  3.0    1.6338                                                                 
  4.0    1.6721                                                                 
  5.0    1.7185                                                                 
  6.0    1.7744                                                                 
  7.0    1.8393                                                                 
  8.0    1.9150                                                                 
  9.0    2.0026                                                                 
 10.0    2.1039                                                                 
 11.0    2.2215                                                                 
 12.0    2.3567                                                                 
 13.0    2.5121                                                                 
 14.0    2.6891                                                                 
 15.0    2.8892                                                                 
 16.0    3.1136                                                                 
 17.0    3.3626                                                                 
 18.0    3.6370                                                                 
 19.0    3.9365                                                                 
 20.0    4.2611                                                                 
 21.0    4.6104                                                                 
 22.0    4.9838                                                                 
 23.0    5.3809                                                                 
 24.0    5.8006                                                                 
 25.0    6.2427                                                                 
&                                                                               
# BAND: 14   K =  1                                                             
  1.0    1.8956                                                                 
  2.0    1.9141                                                                 
  3.0    1.9340                                                                 
  4.0    1.9723                                                                 
  5.0    2.0032                                                                 
  6.0    2.0593                                                                 
  7.0    2.1050                                                                 
  8.0    2.1767                                                                 
  9.0    2.2450                                                                 
 10.0    2.3341                                                                 
 11.0    2.4336                                                                 
 12.0    2.5474                                                                 
 13.0    2.6847                                                                 
 14.0    2.8339                                                                 
 15.0    3.0128                                                                 
 16.0    3.2074                                                                 
 17.0    3.4300                                                                 
 18.0    3.6764                                                                 
 19.0    3.9438                                                                 
 20.0    4.2435                                                                 
 21.0    4.5573                                                                 
 22.0    4.9072                                                                 
 23.0    5.2694                                                                 
 24.0    5.6631                                                                 
 25.0    6.0768                                                                 
&                                                                               
# BAND: 15   K = -3                                                             
  3.0    1.5981                                                                 
  4.0    1.6469                                                                 
  5.0    1.7082                                                                 
  6.0    1.7821                                                                 
  7.0    1.8695                                                                 
  8.0    1.9704                                                                 
  9.0    2.0870                                                                 
 10.0    2.2180                                                                 
 11.0    2.3685                                                                 
 12.0    2.5332                                                                 
 13.0    2.7229                                                                 
 14.0    2.9249                                                                 
 15.0    3.1581                                                                 
 16.0    3.4003                                                                 
 17.0    3.6797                                                                 
 18.0    3.9644                                                                 
 19.0    4.2901                                                                 
 20.0    4.6193                                                                 
 21.0    4.9887                                                                 
 22.0    5.3649                                                                 
 23.0    5.7732                                                                 
 24.0    6.1993                                                                 
 25.0    6.6392                                                                 
&                                                                               
# BAND: 16   K =  3                                                             
  3.0    1.9803                                                                 
  4.0    2.0051                                                                 
  5.0    2.0332                                                                 
  6.0    2.0636                                                                 
  7.0    2.0959                                                                 
  8.0    2.1317                                                                 
  9.0    2.1713                                                                 
 10.0    2.2189                                                                 
 11.0    2.2761                                                                 
 12.0    2.3467                                                                 
 13.0    2.4369                                                                 
 14.0    2.5411                                                                 
 15.0    2.6798                                                                 
 16.0    2.8238                                                                 
 17.0    3.0232                                                                 
 18.0    3.2080                                                                 
 19.0    3.4762                                                                 
 20.0    3.6986                                                                 
 21.0    4.0400                                                                 
 22.0    4.2943                                                                 
 23.0    4.7109                                                                 
 24.0    4.9908                                                                 
 25.0    5.4830                                                                 
&                                                                               
# BAND: 17   K =  6                                                             
  6.0    0.0588                                                                 
  7.0    0.1471                                                                 
  8.0    0.2513                                                                 
  9.0    0.3726                                                                 
 10.0    0.5123                                                                 
 11.0    0.6715                                                                 
 12.0    0.8515                                                                 
 13.0    1.0533                                                                 
 14.0    1.2777                                                                 
 15.0    1.5253                                                                 
 16.0    1.7964                                                                 
 17.0    2.0915                                                                 
 18.0    2.4100                                                                 
 19.0    2.7528                                                                 
 20.0    3.1178                                                                 
 21.0    3.5071                                                                 
 22.0    3.9165                                                                 
 23.0    4.3506                                                                 
 24.0    4.8016                                                                 
 25.0    5.2784                                                                 
&                                                                               
# BAND: 18   K =  2                                                             
  2.0    0.6699                                                                 
  3.0    0.6804                                                                 
  4.0    0.6970                                                                 
  5.0    0.7216                                                                 
  6.0    0.7566                                                                 
  7.0    0.8040                                                                 
  8.0    0.8668                                                                 
  9.0    0.9463                                                                 
 10.0    1.0457                                                                 
 11.0    1.1656                                                                 
 12.0    1.3087                                                                 
 13.0    1.4751                                                                 
 14.0    1.6664                                                                 
 15.0    1.8827                                                                 
 16.0    2.1242                                                                 
 17.0    2.3914                                                                 
 18.0    2.6832                                                                 
 19.0    3.0001                                                                 
 20.0    3.3409                                                                 
 21.0    3.7052                                                                 
 22.0    4.0925                                                                 
 23.0    4.5015                                                                 
 24.0    4.9325                                                                 
 25.0    5.3834                                                                 
&                                                                               
# BAND: 19   K = -2                                                             
  2.0    0.4537                                                                 
  3.0    0.4912                                                                 
  4.0    0.5426                                                                 
  5.0    0.6089                                                                 
  6.0    0.6912                                                                 
  7.0    0.7907                                                                 
  8.0    0.9089                                                                 
  9.0    1.0468                                                                 
 10.0    1.2055                                                                 
 11.0    1.3859                                                                 
 12.0    1.5889                                                                 
 13.0    1.8150                                                                 
 14.0    2.0646                                                                 
 15.0    2.3379                                                                 
 16.0    2.6348                                                                 
 17.0    2.9553                                                                 
 18.0    3.2990                                                                 
 19.0    3.6657                                                                 
 20.0    4.0546                                                                 
 21.0    4.4654                                                                 
 22.0    4.8975                                                                 
 23.0    5.3501                                                                 
 24.0    5.8226                                                                 
 25.0    6.3143                                                                 
&                                                                               
# BAND: 20   K =  0                                                             
  0.0    0.5286                                                                 
  1.0    0.5411                                                                 
  2.0    0.5663                                                                 
  3.0    0.6045                                                                 
  4.0    0.6562                                                                 
  5.0    0.7221                                                                 
  6.0    0.8030                                                                 
  7.0    0.8998                                                                 
  8.0    1.0136                                                                 
  9.0    1.1453                                                                 
 10.0    1.2960                                                                 
 11.0    1.4667                                                                 
 12.0    1.6582                                                                 
 13.0    1.8712                                                                 
 14.0    2.1064                                                                 
 15.0    2.3641                                                                 
 16.0    2.6446                                                                 
 17.0    2.9479                                                                 
 18.0    3.2740                                                                 
 19.0    3.6226                                                                 
 20.0    3.9936                                                                 
 21.0    4.3863                                                                 
 22.0    4.8006                                                                 
 23.0    5.2356                                                                 
 24.0    5.6911                                                                 
 25.0    6.1662                                                                 
&                                                                               
# BAND: 21   K =  4                                                             
  4.0    1.1605                                                                 
  5.0    1.1603                                                                 
  6.0    1.1681                                                                 
  7.0    1.1870                                                                 
  8.0    1.2201                                                                 
  9.0    1.2699                                                                 
 10.0    1.3389                                                                 
 11.0    1.4290                                                                 
 12.0    1.5419                                                                 
 13.0    1.6785                                                                 
 14.0    1.8402                                                                 
 15.0    2.0270                                                                 
 16.0    2.2396                                                                 
 17.0    2.4779                                                                 
 18.0    2.7412                                                                 
 19.0    3.0308                                                                 
 20.0    3.3428                                                                 
 21.0    3.6826                                                                 
 22.0    4.0404                                                                 
 23.0    4.4288                                                                 
 24.0    4.8288                                                                 
 25.0    5.2646                                                                 
&                                                                               
# BAND: 22   K = -6                                                             
  6.0    1.0824                                                                 
  7.0    1.1002                                                                 
  8.0    1.1370                                                                 
  9.0    1.1961                                                                 
 10.0    1.2801                                                                 
 11.0    1.3909                                                                 
 12.0    1.5296                                                                 
 13.0    1.6970                                                                 
 14.0    1.8933                                                                 
 15.0    2.1186                                                                 
 16.0    2.3722                                                                 
 17.0    2.6538                                                                 
 18.0    2.9624                                                                 
 19.0    3.2973                                                                 
 20.0    3.6572                                                                 
 21.0    4.0419                                                                 
 22.0    4.4492                                                                 
 23.0    4.8799                                                                 
 24.0    5.3308                                                                 
 25.0    5.8041                                                                 
&                                                                               
# BAND: 23   K =  0                                                             
  0.0    1.0378                                                                 
  1.0    1.0453                                                                 
  2.0    1.0668                                                                 
  3.0    1.0946                                                                 
  4.0    1.1331                                                                 
  5.0    1.1805                                                                 
  6.0    1.2359                                                                 
  7.0    1.3026                                                                 
  8.0    1.3783                                                                 
  9.0    1.4672                                                                 
 10.0    1.5693                                                                 
 11.0    1.6870                                                                 
 12.0    1.8230                                                                 
 13.0    1.9778                                                                 
 14.0    2.1548                                                                 
 15.0    2.3539                                                                 
 16.0    2.5772                                                                 
 17.0    2.8252                                                                 
 18.0    3.0977                                                                 
 19.0    3.3960                                                                 
 20.0    3.7186                                                                 
 21.0    4.0663                                                                 
 22.0    4.4378                                                                 
 23.0    4.8326                                                                 
 24.0    5.2510                                                                 
 25.0    5.6900                                                                 
&                                                                               
# BAND: 24   K =  2                                                             
  2.0    1.1514                                                                 
  3.0    1.1864                                                                 
  4.0    1.2324                                                                 
  5.0    1.2926                                                                 
  6.0    1.3610                                                                 
  7.0    1.4500                                                                 
  8.0    1.5407                                                                 
  9.0    1.6642                                                                 
 10.0    1.7787                                                                 
 11.0    1.9422                                                                 
 12.0    2.0847                                                                 
 13.0    2.2917                                                                 
 14.0    2.4691                                                                 
 15.0    2.7193                                                                 
 16.0    2.9406                                                                 
 17.0    3.2296                                                                 
 18.0    3.5050                                                                 
 19.0    3.8248                                                                 
 20.0    4.1647                                                                 
 21.0    4.5046                                                                 
 22.0    4.9190                                                                 
 23.0    5.2671                                                                 
 24.0    5.7652                                                                 
 25.0    6.1090                                                                 
&                                                                               
# BAND: 25   K = -8                                                             
  8.0    1.0064                                                                 
  9.0    1.1262                                                                 
 10.0    1.2680                                                                 
 11.0    1.4331                                                                 
 12.0    1.6225                                                                 
 13.0    1.8369                                                                 
 14.0    2.0768                                                                 
 15.0    2.3423                                                                 
 16.0    2.6334                                                                 
 17.0    2.9497                                                                 
 18.0    3.2910                                                                 
 19.0    3.6567                                                                 
 20.0    4.0461                                                                 
 21.0    4.4587                                                                 
 22.0    4.8936                                                                 
 23.0    5.3503                                                                 
 24.0    5.8276                                                                 
 25.0    6.3253                                                                 
&                                                                               
# BAND: 26   K = -4                                                             
  4.0    1.5639                                                                 
  5.0    1.5512                                                                 
  6.0    1.5485                                                                 
  7.0    1.5601                                                                 
  8.0    1.5897                                                                 
  9.0    1.6404                                                                 
 10.0    1.7145                                                                 
 11.0    1.8138                                                                 
 12.0    1.9395                                                                 
 13.0    2.0922                                                                 
 14.0    2.2721                                                                 
 15.0    2.4794                                                                 
 16.0    2.7138                                                                 
 17.0    2.9747                                                                 
 18.0    3.2617                                                                 
 19.0    3.5740                                                                 
 20.0    3.9111                                                                 
 21.0    4.2720                                                                 
 22.0    4.6562                                                                 
 23.0    5.0627                                                                 
 24.0    5.4911                                                                 
 25.0    5.9402                                                                 
&                                                                               
# BAND: 27   K = -4                                                             
  4.0    1.5568                                                                 
  5.0    1.5948                                                                 
  6.0    1.6359                                                                 
  7.0    1.6796                                                                 
  8.0    1.7264                                                                 
  9.0    1.7786                                                                 
 10.0    1.8377                                                                 
 11.0    1.9097                                                                 
 12.0    1.9934                                                                 
 13.0    2.1009                                                                 
 14.0    2.2214                                                                 
 15.0    2.3792                                                                 
 16.0    2.5440                                                                 
 17.0    2.7628                                                                 
 18.0    2.9739                                                                 
 19.0    3.2596                                                                 
 20.0    3.5143                                                                 
 21.0    3.8696                                                                 
 22.0    4.1621                                                                 
 23.0    4.5874                                                                 
 24.0    4.9108                                                                 
 25.0    5.4057                                                                 
&                                                                               
# BAND: 28   K = -2                                                             
  2.0    1.8918                                                                 
  3.0    1.9069                                                                 
  4.0    1.9336                                                                 
  5.0    1.9533                                                                 
  6.0    2.0101                                                                 
  7.0    2.0228                                                                 
  8.0    2.1342                                                                 
  9.0    2.1251                                                                 
 10.0    2.3208                                                                 
 11.0    2.2756                                                                 
 12.0    2.5843                                                                 
 13.0    2.4932                                                                 
 14.0    2.9363                                                                 
 15.0    2.7947                                                                 
 16.0    3.3842                                                                 
 17.0    3.1917                                                                 
 18.0    3.9313                                                                 
 19.0    3.6897                                                                 
 20.0    4.5769                                                                 
 21.0    4.2892                                                                 
 22.0    5.3181                                                                 
 23.0    4.9870                                                                 
 24.0    6.1503                                                                 
 25.0    5.7780                                                                 
&                                                                               
# BAND: 29   K = -6                                                             
  6.0    1.5649                                                                 
  7.0    1.6410                                                                 
  8.0    1.7249                                                                 
  9.0    1.8178                                                                 
 10.0    1.9215                                                                 
 11.0    2.0381                                                                 
 12.0    2.1703                                                                 
 13.0    2.3206                                                                 
 14.0    2.4912                                                                 
 15.0    2.6845                                                                 
 16.0    2.9013                                                                 
 17.0    3.1439                                                                 
 18.0    3.4108                                                                 
 19.0    3.7055                                                                 
 20.0    4.0231                                                                 
 21.0    4.3705                                                                 
 22.0    4.7368                                                                 
 23.0    5.1358                                                                 
 24.0    5.5471                                                                 
 25.0    5.9960                                                                 
&                                                                               
# BAND: 30   K =  4                                                             
  4.0    1.9050                                                                 
  5.0    1.9458                                                                 
  6.0    1.9936                                                                 
  7.0    2.0489                                                                 
  8.0    2.1119                                                                 
  9.0    2.1850                                                                 
 10.0    2.2675                                                                 
 11.0    2.3660                                                                 
 12.0    2.4742                                                                 
 13.0    2.6093                                                                 
 14.0    2.7488                                                                 
 15.0    2.9323                                                                 
 16.0    3.1060                                                                 
 17.0    3.3489                                                                 
 18.0    3.5557                                                                 
 19.0    3.8669                                                                 
 20.0    4.1023                                                                 
 21.0    4.4886                                                                 
 22.0    4.7458                                                                 
 23.0    5.2123                                                                 
 24.0    5.4826                                                                 
 25.0    6.0335                                                                 
&                                                                               
# BAND: 31   K = -4                                                             
  4.0    1.6102                                                                 
  5.0    1.6704                                                                 
  6.0    1.7431                                                                 
  7.0    1.8288                                                                 
  8.0    1.9282                                                                 
  9.0    2.0421                                                                 
 10.0    2.1721                                                                 
 11.0    2.3183                                                                 
 12.0    2.4837                                                                 
 13.0    2.6665                                                                 
 14.0    2.8728                                                                 
 15.0    3.0947                                                                 
 16.0    3.3471                                                                 
 17.0    3.6088                                                                 
 18.0    3.9120                                                                 
 19.0    4.2114                                                                 
 20.0    4.5697                                                                 
 21.0    4.9020                                                                 
 22.0    5.3202                                                                 
 23.0    5.6782                                                                 
 24.0    6.1612                                                                 
 25.0    6.5359                                                                 
&                                                                               
# BAND: 32   K = -2                                                             
  2.0    1.9514                                                                 
  3.0    1.9727                                                                 
  4.0    1.9987                                                                 
  5.0    2.0288                                                                 
  6.0    2.0613                                                                 
  7.0    2.0972                                                                 
  8.0    2.1364                                                                 
  9.0    2.1800                                                                 
 10.0    2.2336                                                                 
 11.0    2.2928                                                                 
 12.0    2.3738                                                                 
 13.0    2.4606                                                                 
 14.0    2.5815                                                                 
 15.0    2.7087                                                                 
 16.0    2.8767                                                                 
 17.0    3.0551                                                                 
 18.0    3.2716                                                                 
 19.0    3.5093                                                                 
 20.0    3.7706                                                                 
 21.0    4.0728                                                                 
 22.0    4.3726                                                                 
 23.0    4.7425                                                                 
 24.0    5.0733                                                                 
 25.0    5.5127                                                                 
