# E(I)-E(I-1) PLOT: lOWEST ENERGY =  0.8067   SPIN =  1                         
  2.0    0.0049                                                                 
  3.0    0.0108                                                                 
  4.0    0.0185                                                                 
  5.0    0.0272                                                                 
  6.0   -0.0584                                                                 
  7.0    0.0279                                                                 
  8.0    0.0463                                                                 
  9.0    0.0634                                                                 
 10.0    0.0861                                                                 
 11.0    0.1122                                                                 
 12.0    0.1396                                                                 
 13.0    0.1678                                                                 
 14.0    0.1944                                                                 
 15.0    0.2242                                                                 
 16.0    0.2459                                                                 
 17.0    0.2808                                                                 
 18.0    0.2924                                                                 
 19.0    0.3375                                                                 
 20.0    0.3331                                                                 
 21.0    0.3955                                                                 
 22.0    0.3647                                                                 
 23.0    0.4533                                                                 
 24.0    0.3884                                                                 
 25.0    0.5141                                                                 
