Distributed parallelism with MPI     : 1 tasks/HFBTHO
Multi-threading framework with OpenMP: 4 threads/task

  ==========================================
           FORTRAN 95 CODE (KIND= 8) 
 git: parent: 3cae9cc3ec7a0c93cd724b300dc0d972f613f33e
  ==========================================
       AXIALLY DEFORMED CONFIGURATIONAL     
     HARTREE-FOCK-BOGOLIUBOV CALCULATIONS   
                     WITH                   
      SKYRME+DELTA PAIRING OR GOGNY EDFs    
                  USING THE                 
             HARMONIC-OSCILLATOR            
                    AND/OR                  
        TRANSFORMED HARMONIC-OSCILLATOR     
                    BASIS                   
                     ---                    
                v1.66  (2005)               
    Stoitsov, Dobaczewski, Nazarewicz, Ring 
                v2.00d (2012)               
        Stoitsov, Schunck, Kortelainen      
                v3.00  (2016)               
            Schunck, Navarro Perez          
  ==========================================
    Nucleus: Cr (A=  50, N= 26, Z= 24)
      No Reflection Symmetry Imposed     
            (10/12/2021,  8:50)                               
  ==========================================


  ---------------------------------------
           UNEDF Module Version: 17
         M.Kortelainen & M.Stoitsov 
  ---------------------------------------

  SLY5 functional
  ----------------------------------------
  Crho(0)=   -931.293749999999932    ; Crho(1)=    792.220550000000003    
  CDrho(0)=   859.812500000000000    ; CDrho(1)=  -1010.56629166666653    
  Ctau(0)=    56.0000000000000000    ; Ctau(1)=    23.7163637500000029    
  CrDr(0)=   -76.7931250000000034    ; CrDr(1)=    17.0058521875000004    
  CrdJ(0)=   -93.7500000000000000    ; CrdJ(1)=   -31.2500000000000000    
  CJ(0)=      14.6588637499999948    ; CJ(1)=      65.0575000000000045    
  CpV0(0)=   -190.000000000000000    ; CpV0(1)=   -190.000000000000000    
  CpV1(0)=    0.00000000000000000    ; CpV1(1)=    0.00000000000000000    
  sigma=     0.166666666666666657    ; hbzero=     20.7355300000000007    
  functional has DME couplings: F
  use 3-Nucleon DME couplings: F
  e^2 chrg=   1.43997840859651349    ; CExPar=     1.00000000000000000    
  c.m. correction: T, chr. density in direct Coul: F
  use tensor terms: T

  Coupling constants in natural units
  ----------------------------------------
  Crho_nu(0)=   -1.04874844457647920    ; Crho_nu(1)=   0.892135343519725010    
  CDrho_nu(0)=  0.930612416822076960    ; CDrho_nu(1)=  -1.09377979390488100    
  Ctau_nu(0)=   0.793806366792731311    ; Ctau_nu(1)=   0.336182152534327483    
  CrDr_nu(0)=   -1.08855127769482274    ; CrDr_nu(1)=   0.241059888199528560    
  CrdJ_nu(0)=   -1.32891690869318868    ; CrdJ_nu(1)=  -0.442972302897729542    
  CJ_nu(0)=     0.207791060262449451    ; CJ_nu(1)=     0.922197459064609260    
  CpV0_nu(0)=  -0.213962785071338729    ; CpV0_nu(1)=  -0.213962785071338729    
  CpV1_nu(0)=    0.00000000000000000    ; CpV1_nu(1)=    0.00000000000000000    
  fpi_nu=        93.0000000000000000    ; Lambda_nu=     700.000000000000000    

  Nuclear matter properties
  ----------------------------------------
  E_NM=      -15.9843259547113412    ; K_NM=        229.905998768288782    
  P_NM=      0.488548706729196867E-15; RHO_NM=     0.160573718963025164    
  ASS_NM=     32.0099875506415614    ; LASS_NM=     48.1461992412703239    
  SMASS_NM=   1.43365799002626937    ; VMASS_NM=    1.25000101440918243    

  Associated (t,x)-coupling constants
  ----------------------------------------
  t0=      -2483.44999999999982    ; x0=       0.776000000000000023    
  t1=       484.230000000000018    ; x1=      -0.317000000000000004    
  t2=      -556.690000000000055    ; x2=       -1.00000000000000000    
  t3=       13757.0000000000000    ; x3=        1.26299999999999968    
  b4=       62.5000000000000000    ; b4p=       62.5000000000000000    
  te=     -0.757912251477440188E-14; to=      -0.378956125738720094E-14
  sigma=   0.166666666666666657    ; hbzero=    20.7355300000000007    

  ---------------------------------------
        Characteristics of the run       
  ---------------------------------------
  Output file ................:    57
  Nucleus ....................:   Cr  50
  Number of HO shells ........:     8
  HO length b0 (fm) ..........:     1.76218574619868
  Basis deformation ..........:  beta0=   0.000 q=   1.000
  HO: b0,1/b0,bp,bz,q ........:   0.17621857E+01  0.56747707E+00  0.17621857E+01  0.17621857E+01  0.10000000E+01
  h**2/(2m_n), cmc, e**2 .....:   0.20735530E+02  0.20320819E+02  0.14399784E+01
  h**2/(2m_p), cmc, e**2 .....:   0.20735530E+02  0.20320819E+02  0.14399784E+01
  hom=f*41.0_pr*A^{-1/3}, f...:   0.13354935E+02  0.12000000E+01
  THO basis is ...............:  OFF
  Maximal number of iterations:   200
  Initial mixing parameter ...:  0.300
  Initial wave functions from :  tape
  Energy functional ..........:    SLY5                          
    without Coulomb forces
  Pairing cutoff energy ......:    60.00 MeV
  Lipkin-Nogami procedure is .:  OFF
  PAV procedure is ...........:  OFF
  Constraint calculation is ..:   ON
    Constraint 1 .............: lambda=1 Ql=   0.000
    Constraint 2 .............: lambda=2 Ql=   1.000
    Constraint 3 .............: lambda=3 Ql=   0.000
    Constraint 4 .............: lambda=4 Ql=   0.000
    Constraint 5 .............: lambda=5 Ql=   0.000
    Constraint 6 .............: lambda=6 Ql=   0.000
    Constraint 7 .............: lambda=7 Ql=   0.000
    Constraint 8 .............: lambda=8 Ql=   0.000
  Temperature T ..............:   0.00 MeV
  Pairing regularization is ..:  OFF
  Collective inertia is ......:  OFF
  Fission fragments are ......:  OFF
  Restart indicator ..........:  -1
  Broyden mixing (#iterations):   7

  ---------------------------------------
        Harmonic Oscillator Basis        
  ---------------------------------------
  NUV, NQP:                        4917     165
  Comparison with bookkeeping spherical basis:
  n00:                                8       8  Maximal number of shells
  nbx, 2*n00+1:                       9      17  Maximal number of K-blocks
  ntx, (n00+1)*(n00+2)*(n00+3)/6    165     165  Max.num. p/n levels
  nzx, n00:                           8       8  Maximal nz-quantum number
  nrx, n00/2  :                       4       4  Maximal nr-quantum number
  nlx, n00:                           8       8  Maximal ml-quantum number
  ndx, (n00+2)*(n00+2)/4:            45      25  Maximal dim. of one k-block

  Actual basis used
  Number of blocks: nb .......:    9
  Number of levels: nt .......:  165
  Maximal 2*omega : nom ......:   17
  Maximal nz:       nzm ......:    8
  Maximal nr:       nrm ......:    4
  Maximal ml:       nlm ......:    8
  Maximal N=nz+2*nr+nl .......:    8
  2 x biggest block dim. .....:   90
  Non-zero elements of h .....:     2541
  Number of Broyden elements .:    10164

  ---------------------------------------
            Integration Meshes           
  ---------------------------------------
  Number of Gauss-Hermite mesh points ngh ....:  80
  Number of Gauss-Laguerre mesh points ngl ...:  40
  Number of Gauss-Legendre mesh points nleg ..:  40
  Integration boundaries
    Hermite  - from xh(1)  =-11.88786356 to xh(ngh)   = 11.88786356
    Laguerre - From xl(1)  =  0.03570039 to xl(ngl)   =142.28004447
    Legendre - From xleg(1)=  0.01951138 to xleg(nleg)=  0.99955382
  Max.dev.in:     Orthogonality            Normalization
  Hermite     6.8067426511760289E-016   6.3282712403633923E-015
  Laguerre    3.9269815531613043E-015   7.9936057773011271E-015

  Reading from wel_file: hfbtho_output.hel


  ### REGULAR STAGE (no reflection symmetry imposed)
  |HFB+HO> iterations(b0=  1.762, Nsh=  8, inin= -1, N= 26, Z= 24)...
  ----------------------------------------------------------------------------------------------------------------------------------
  i          si     mix   beta      Etot       A       rn      rp         En      Dn      Ep      Dp        Ln      Lp     time  time(Gog.)
  ----------------------------------------------------------------------------------------------------------------------------------
   0N   0.00000005 0.52  0.127  -531.370615   50.0   3.556   3.512 |   -2.368   0.913  -4.021   1.215 |  -11.807 -14.754   0.000   0.000
   1B   0.00000001 0.57  0.127  -531.370615   50.0   3.556   3.512 |   -2.368   0.913  -4.021   1.215 |  -11.807 -14.754   0.263   0.000
   2B   0.00000002 0.20  0.127  -531.370615   50.0   3.556   3.512 |   -2.368   0.913  -4.021   1.215 |  -11.807 -14.754   0.259   0.000
   2N   0.00000002 0.20  0.127  -531.370615   50.0   3.556   3.512 |   -2.368   0.913  -4.021   1.215 |  -11.807 -14.754   0.242   0.000
  ----------------------------------------------------------------------------------------------------------------------------------
  *   iteration converged   after   2 steps   si=     0.0000000165 ho=  0 tho=  0
  ----------------------------------------------------------------------------------------------------------------------------------
  Total CPU time=   0.013 minutes


 #quasiparticle energies neutrons
 --------------------------------
  eqp(k) -> q.p. energy 
  e(k)   -> referent s.p. energy 
  p(k)   -> occ.probability 
  del(k) -> referent s.p. gap 
  fermi energy alast=  -11.807457375717140     
  #k  block#    eqp(k)     e(k)       (1-2N)E      decay        p(k)        del(k)    overl      labels
   1    1     2.049956  -13.679119   -1.871661    1.651583    0.95651269   0.8362   0.5953  1-[ 3, 3, 0]
   2    1     3.019255   -8.874407    2.933050    1.708370    0.01427591   0.7163   0.6550  1-[ 3, 1, 0]
   3    1     5.897157   -5.950855    5.856603    1.866821    0.00343847   0.6904   0.6877  1-[ 3, 2, 1]
   4    1     7.348274   -4.495472    7.311985    1.941819    0.00246925   0.7294   0.7614  1-[ 3, 0, 1]
   5    1     7.690414  -19.440774   -7.633316    1.959084    0.99628776   0.9354   0.8670  1+[ 2, 0, 0]
   6    1     9.344770  -21.099871   -9.292413    2.040504    0.99719859   0.9878   0.6980  1+[ 2, 1, 1]
   7    1    10.351749   -1.489160   10.318297    2.088510    0.00161577   0.8315   0.5493  1+[ 4, 3, 1]
   8    1    14.570400  -22.019260  -10.211803    2.278658    0.85042975  10.3931   0.6939  1+[ 2, 2, 0]
   9    1    14.948186   -1.290826   10.516631    2.294918    0.14823052  10.6230   0.5527  1+[ 4, 4, 0]
  10    1    16.829044    4.988980   16.796438    2.374211    0.00096876   1.0471   0.5552  1+[ 4, 1, 1]
  11    1    18.124188    6.292023   18.099480    2.427307    0.00068162   0.9460   0.7220  1+[ 4, 0, 0]
  12    1    19.817646    8.001031   19.808489    2.495028    0.00023105   0.6024   0.5141  1+[ 4, 1, 1]
  13    1    22.185997   10.369254   22.176711    2.586765    0.00020928   0.6418   0.5780  1-[ 5, 3, 0]
  14    1    23.835594  -35.591739  -23.784281    2.648786    0.99892361   1.5632   0.9477  1-[ 1, 0, 1]
  15    1    26.407005   14.576948   26.384405    2.742668    0.00042791   1.0923   0.5463  1-[ 5, 5, 0]
  16    1    27.524816   13.744130   25.551587    2.782492    0.03584454  10.2339   0.5871  1-[ 5, 1, 0]
  17    1    28.150637  -37.917071  -26.109613    2.804541    0.96374817  10.5236   0.9239  1-[ 1, 1, 0]
  18    1    29.201487   17.357251   29.164708    2.841180    0.00062973   1.4651   0.4818  1-[ 5, 0, 1]
  19    1    30.137195   18.310932   30.118390    2.873411    0.00031199   1.0645   0.5241  1-[ 5, 0, 1]
  20    1    31.707923   19.896224   31.703681    2.926717    0.00006689   0.5186   0.5254  1-[ 5, 2, 1]
  21    1    33.515873   21.704216   33.511673    2.986897    0.00006266   0.5306   0.5674  1+[ 6, 4, 0]
  22    1    35.229839   23.417334   35.224791    3.042850    0.00007164   0.5964   0.5220  1+[ 6, 2, 0]
  23    1    35.801051   23.987518   35.794975    3.061270    0.00008486   0.6596   0.3828  1+[ 6, 6, 0]
  24    1    37.962066   26.139034   37.946491    3.129977    0.00020515   1.0873   0.3667  1+[ 6, 1, 1]
  25    1    38.653288   26.753040   38.560497    3.151637    0.00120029   2.6767   0.5782  1+[ 6, 0, 0]
  26    1    40.569402  -46.205406  -34.397948    3.210917    0.92393956  21.5095   0.9465  1+[ 0, 0, 0]
  27    1    40.604102   22.727800   34.535257    3.211981    0.07473191  21.3544   0.3703  1+[ 6, 1, 1]
  28    1    41.279843   29.470655   41.278112    3.232620    0.00002096   0.3780   0.4697  1+[ 6, 3, 1]
  29    1    47.166110   35.356182   47.163640    3.407125    0.00002619   0.4827   0.5122  1-[ 7, 4, 1]
  30    1    54.298207   42.484774   54.292232    3.607271    0.00005503   0.8055   0.4599  1-[ 7, 2, 1]
  31    1    58.084815   46.276214   58.083671    3.709146    0.00000985   0.3645   0.5186  1+[ 8, 4, 0]
  32    1    58.974816   47.165523   58.972981    3.732688    0.00001556   0.4652   0.5407  1-[ 7, 4, 1]
  33    1    60.112162   48.299819   60.107277    3.762557    0.00004064   0.7664   0.4827  1-[ 7, 7, 0]
  34    1    62.874955   51.062806   62.870263    3.834145    0.00003731   0.7681   0.4599  1+[ 8, 2, 0]
  35    1    63.118302   51.306039   63.113496    3.840387    0.00003807   0.7789   0.4727  1-[ 7, 1, 0]
  36    1    64.940049   53.126955   64.934413    3.886794    0.00004340   0.8556   0.5887  1-[ 7, 6, 1]
  37    1    65.275949   53.463543   65.271000    3.895290    0.00003791   0.8038   0.4288  1-[ 7, 5, 0]
  38    1    67.870257   56.057691   67.865149    3.960298    0.00003763   0.8327   0.6203  1-[ 7, 0, 1]
  39    1    68.272000   56.463605   68.271062    3.970269    0.00000687   0.3578   0.4937  1+[ 8, 4, 0]
  40    2     1.683539  -13.268370   -1.460912    1.629601    0.93388143   0.8367   0.7968  3-[ 3, 2, 1]
  41    2     4.732946   -7.121111    4.686346    1.804398    0.00492298   0.6625   0.8608  3-[ 3, 0, 1]
  42    2     6.616613  -18.348490   -6.541032    1.904374    0.99428855   0.9972   0.9330  3+[ 2, 0, 2]
  43    2     7.467680   -4.383444    7.424013    1.947862    0.00292370   0.8064   0.8233  3-[ 3, 1, 2]
  44    2    10.610051   -1.231740   10.575717    2.100647    0.00161799   0.8529   0.7096  3+[ 4, 3, 1]
  45    2    13.862242  -25.373379  -13.565921    2.247863    0.98931194   2.8509   0.9256  3+[ 2, 1, 1]
  46    2    15.546479    3.450577   15.258034    2.320434    0.00927685   2.9808   0.7419  3+[ 4, 1, 1]
  47    2    18.474696    6.649717   18.457175    2.441478    0.00047419   0.8044   0.6679  3+[ 4, 0, 2]
  48    2    20.128459    8.311626   20.119083    2.507258    0.00023289   0.6143   0.5871  3+[ 4, 2, 2]
  49    2    22.345071   10.528642   22.336099    2.592811    0.00020075   0.6331   0.5946  3-[ 5, 4, 1]
  50    2    26.329096  -36.543164  -24.735707    2.739871    0.96974090   9.0203   0.9718  3-[ 1, 0, 1]
  51    2    26.591309   13.469922   25.277380    2.749274    0.02470600   8.2554   0.5890  3-[ 5, 2, 1]
  52    2    28.103774   15.987675   27.795132    2.802896    0.00549111   4.1536   0.7801  3-[ 5, 0, 1]
  53    2    30.347724   18.529876   30.337334    2.880613    0.00017118   0.7941   0.5398  3-[ 5, 1, 2]
  54    2    31.800568   19.989150   31.796607    2.929831    0.00006227   0.5019   0.5395  3-[ 5, 3, 2]
  55    2    33.601582   21.789924   33.597381    2.989720    0.00006251   0.5313   0.5360  3+[ 6, 5, 1]
  56    2    35.247888   23.435308   35.242765    3.043434    0.00007267   0.6009   0.4713  3+[ 6, 1, 1]
  57    2    35.787801   23.973966   35.781423    3.060844    0.00008910   0.6756   0.5486  3+[ 6, 1, 1]
  58    2    38.830971   27.017482   38.824940    3.157181    0.00007766   0.6844   0.5897  3+[ 6, 0, 2]
  59    2    40.694062   28.880079   40.687536    3.214736    0.00008018   0.7287   0.4201  3+[ 6, 2, 2]
  60    2    41.304043   29.494968   41.302425    3.233357    0.00001958   0.3655   0.5479  3+[ 6, 4, 2]
  61    2    47.229616   35.419691   47.227148    3.408959    0.00002613   0.4828   0.5897  3-[ 7, 4, 1]
  62    2    54.283715   42.470198   54.277656    3.606875    0.00005581   0.8111   0.5727  3-[ 7, 2, 1]
  63    2    58.127946   46.319344   58.126801    3.710291    0.00000985   0.3648   0.5369  3+[ 8, 5, 1]
  64    2    58.995972   47.186661   58.994118    3.733245    0.00001571   0.4677   0.6014  3-[ 7, 3, 2]
  65    2    60.218269   48.405813   60.213270    3.765331    0.00004151   0.7759   0.4668  3-[ 7, 4, 1]
  66    2    62.837900   51.025698   62.833155    3.833194    0.00003775   0.7722   0.4524  3+[ 8, 7, 1]
  67    2    63.454898   51.642411   63.449869    3.849003    0.00003963   0.7989   0.7193  3-[ 7, 1, 2]
  68    2    65.021905   53.208583   65.016041    3.888866    0.00004510   0.8733   0.6171  3-[ 7, 5, 2]
  69    2    65.396595   53.583457   65.390914    3.898338    0.00004344   0.8620   0.7227  3-[ 7, 0, 1]
  70    2    68.270525   56.462124   68.269582    3.970233    0.00000691   0.3590   0.5780  3+[ 8, 4, 2]
  71    3     1.105031  -12.485493   -0.678036    1.594279    0.80679503   0.8726   0.8412  5-[ 3, 1, 2]
  72    3     8.981184   -2.863987    8.943471    2.022891    0.00209960   0.8222   0.9182  5-[ 3, 0, 3]
  73    3    11.108935   -0.742582   11.064875    2.123892    0.00198307   0.9884   0.8589  5+[ 4, 2, 2]
  74    3    12.551164  -24.248435  -12.440978    2.189706    0.99561051   1.6595   0.9810  5+[ 2, 0, 2]
  75    3    16.874915    4.995068   16.802525    2.376112    0.00214488   1.5614   0.8551  5+[ 4, 0, 2]
  76    3    20.460826    8.644269   20.451726    2.520271    0.00022238   0.6102   0.8183  5+[ 4, 1, 3]
  77    3    22.675229   10.859072   22.666530    2.605313    0.00019183   0.6281   0.7718  5-[ 5, 3, 2]
  78    3    26.997870   15.180001   26.987459    2.763790    0.00019282   0.7497   0.7854  5-[ 5, 1, 2]
  79    3    31.317351   19.501117   31.308574    2.913553    0.00014013   0.7414   0.5829  5-[ 5, 0, 3]
  80    3    32.160674   20.348614   32.156072    2.941903    0.00007154   0.5440   0.5808  5-[ 5, 0, 3]
  81    3    33.798259   21.986587   33.794044    2.996188    0.00006236   0.5338   0.7243  5+[ 6, 4, 2]
  82    3    35.210760   23.397847   35.205304    3.042233    0.00007747   0.6198   0.6908  5+[ 6, 2, 2]
  83    3    36.460571   24.647121   36.454579    3.082401    0.00008217   0.6610   0.7313  5+[ 6, 0, 2]
  84    3    40.710861   28.896214   40.703671    3.215250    0.00008831   0.7651   0.5914  5+[ 6, 1, 3]
  85    3    41.370438   29.561527   41.368985    3.235378    0.00001757   0.3468   0.6574  5+[ 6, 3, 3]
  86    3    47.362538   35.552620   47.360078    3.412795    0.00002597   0.4827   0.5933  5-[ 7, 3, 2]
  87    3    54.255655   42.441954   54.249411    3.606109    0.00005754   0.8231   0.5604  5-[ 7, 1, 2]
  88    3    58.219110   46.410509   58.217966    3.712708    0.00000983   0.3650   0.6027  5+[ 8, 4, 2]
  89    3    59.043040   47.233697   59.041154    3.734486    0.00001597   0.4719   0.5880  5-[ 7, 4, 3]
  90    3    60.290520   48.477768   60.285226    3.767220    0.00004390   0.7989   0.6382  5-[ 7, 1, 2]
  91    3    62.773481   50.961175   62.768633    3.831540    0.00003862   0.7802   0.5647  5+[ 8, 2, 2]
  92    3    64.473164   52.660283   64.467740    3.874954    0.00004206   0.8363   0.8088  5-[ 7, 0, 3]
  93    3    65.177036   53.363598   65.171055    3.892790    0.00004588   0.8830   0.5901  5-[ 7, 2, 3]
  94    3    68.273143   56.464731   68.272188    3.970297    0.00000699   0.3610   0.5972  5+[ 8, 3, 3]
  95    4     0.999564  -11.356886    0.450571    1.587755    0.27461613   0.8923   0.8356  7-[ 3, 0, 3]
  96    4    11.870947    0.039536   11.846993    2.158915    0.00100890   0.7537   0.9413  7+[ 4, 1, 3]
  97    4    21.604656    9.788824   21.596282    2.564551    0.00019380   0.6015   0.8749  7+[ 4, 0, 4]
  98    4    23.166213   11.350375   23.157832    2.623796    0.00018088   0.6231   0.8844  7-[ 5, 2, 3]
  99    4    27.829848   16.012021   27.819478    2.793261    0.00018630   0.7596   0.8723  7-[ 5, 0, 3]
 100    4    32.340790   20.529596   32.337054    2.947923    0.00005776   0.4916   0.8453  7-[ 5, 1, 4]
 101    4    34.062555   22.250708   34.058165    3.004857    0.00006443   0.5468   0.8426  7+[ 6, 3, 3]
 102    4    35.272048   23.459277   35.266734    3.044215    0.00007532   0.6122   0.8281  7+[ 6, 1, 3]
 103    4    41.211834   29.398888   41.206345    3.230549    0.00006659   0.6726   0.5912  7+[ 6, 2, 4]
 104    4    41.636451   29.825886   41.633344    3.243460    0.00003732   0.5087   0.5930  7+[ 6, 0, 4]
 105    4    47.570134   35.760231   47.567688    3.418776    0.00002571   0.4824   0.6944  7-[ 7, 4, 3]
 106    4    54.167164   42.353152   54.160610    3.603693    0.00006051   0.8427   0.6640  7-[ 7, 2, 3]
 107    4    58.363795   46.555196   58.362654    3.716542    0.00000978   0.3650   0.5910  7+[ 8, 3, 3]
 108    4    59.118699   47.309321   59.116779    3.736479    0.00001624   0.4766   0.7460  7-[ 7, 3, 4]
 109    4    60.613057   48.800155   60.607613    3.775637    0.00004491   0.8124   0.8318  7-[ 7, 0, 3]
 110    4    62.667343   50.854877   62.662335    3.828812    0.00003996   0.7923   0.5643  7+[ 8, 5, 3]
 111    4    65.120054   53.305908   65.113366    3.891349    0.00005136   0.9333   0.7346  7-[ 7, 1, 4]
 112    4    68.285510   56.477086   68.284543    3.970604    0.00000708   0.3633   0.6478  7+[ 8, 4, 4]
 113    5    12.975341    1.145548   12.953005    2.208689    0.00086071   0.7610   0.9799  9+[ 4, 0, 4]
 114    5    23.908135   12.092641   23.900098    2.651480    0.00016808   0.6199   0.9457  9-[ 5, 1, 4]
 115    5    33.247945   21.437082   33.244540    2.978056    0.00005121   0.4758   0.8893  9-[ 5, 0, 5]
 116    5    34.471417   22.659923   34.467380    3.018219    0.00005855   0.5275   0.8832  9+[ 6, 2, 4]
 117    5    35.849303   24.036462   35.843919    3.062821    0.00007509   0.6213   0.8473  9+[ 6, 0, 4]
 118    5    41.675217   29.866441   41.673899    3.244636    0.00001582   0.3316   0.8319  9+[ 6, 1, 5]
 119    5    47.851020   36.041141   47.848599    3.426853    0.00002530   0.4814   0.8301  9-[ 7, 3, 4]
 120    5    53.960517   42.146195   53.953652    3.598045    0.00006360   0.8607   0.8761  9-[ 7, 1, 4]
 121    5    58.562745   46.754151   58.561608    3.721806    0.00000970   0.3649   0.7213  9+[ 8, 4, 4]
 122    5    59.215776   47.406391   59.213848    3.739036    0.00001628   0.4779   0.8708  9-[ 7, 2, 5]
 123    5    62.472391   50.659732   62.467189    3.823798    0.00004163   0.8062   0.6929  9+[ 8, 2, 4]
 124    5    65.660865   53.846679   65.654136    3.905004    0.00005124   0.9400   0.8553  9-[ 7, 0, 5]
 125    5    68.302750   56.494321   68.301778    3.971031    0.00000711   0.3644   0.7820  9+[ 8, 3, 5]
 126    6    25.027926   13.212803   25.020260    2.692725    0.00015316   0.6194   0.9773 11-[ 5, 0, 5]
 127    6    35.296294   23.485657   35.293114    3.044999    0.00004504   0.4737   0.9400 11+[ 6, 1, 5]
 128    6    42.464986   30.656349   42.463806    3.268504    0.00001389   0.3165   0.8680 11+[ 6, 0, 6]
 129    6    48.214330   36.404503   48.211960    3.437272    0.00002458   0.4781   0.9260 11-[ 7, 2, 5]
 130    6    53.944082   42.129809   53.937266    3.597596    0.00006317   0.8575   0.9624 11-[ 7, 0, 5]
 131    6    58.811160   47.002572   58.810030    3.728370    0.00000961   0.3647   0.8476 11+[ 8, 3, 5]
 132    6    59.362293   47.552978   59.360435    3.742890    0.00001565   0.4696   0.9460 11-[ 7, 1, 6]
 133    6    62.205998   50.393214   62.200671    3.816935    0.00004282   0.8141   0.8759 11+[ 8, 1, 5]
 134    6    68.322481   56.514066   68.321524    3.971520    0.00000700   0.3616   0.8872 11+[ 8, 2, 6]
 135    7    36.417797   24.607357   36.414814    3.081035    0.00004095   0.4661   0.9649 13+[ 6, 0, 6]
 136    7    48.744099   36.934415   48.741872    3.452407    0.00002284   0.4659   0.9781 13-[ 7, 1, 6]
 137    7    59.122039   47.313467   59.120925    3.736567    0.00000943   0.3630   0.9369 13+[ 8, 2, 6]
 138    7    59.849300   48.040172   59.847630    3.755675    0.00001396   0.4472   0.9781 13-[ 7, 0, 7]
 139    7    62.204522   50.391901   62.199359    3.816897    0.00004150   0.8015   0.9552 13+[ 8, 0, 6]
 140    7    68.403158   56.594797   68.402254    3.973519    0.00000661   0.3516   0.9529 13+[ 8, 1, 7]
 141    8    49.652178   37.842715   49.650172    3.478199    0.00002020   0.4463   1.0000 15-[ 7, 0, 7]
 142    8    59.605314   47.796840   59.604298    3.749275    0.00000853   0.3481   0.9811 15+[ 8, 1, 7]
 143    8    68.864053   57.055796   68.863253    3.984919    0.00000581   0.3319   0.9811 15+[ 8, 0, 8]
 144    9    60.510694   48.702330   60.509788    3.772967    0.00000749   0.3313   1.0000 17+[ 8, 0, 8]
#all active are  144 q.p. states out of  165
#since the cut off is pwi=  60.0
#check: number of neutrons=  26.0


 #canonical s.p. energies neutrons
 ---------------------------------


  labels -> {2*omega}{parity}[nn=nz+2*nr+nl,nz,nl]
  cqpe   -> canonical q.p. energies
  ce     -> canonical s.p. energies
  fermi energy=  -11.807457375717140     
  average cdelt=  0.91252288584384611     
  k0      ceqp        ce         v*v       u*v        cdel     overl      labels
   1   55.417801   55.416436   0.00000000   0.00000000   0.4285   0.6214  1+[ 8, 1, 1]
   3   54.860134   54.858547   0.00000000   0.00000000   0.4600   0.5185  1+[ 8, 1, 1]
   4   56.202139   56.200579   0.00000000   0.00000000   0.4607   0.7991  1+[ 8, 8, 0]
   5   57.520304   57.518725   0.00000000   0.00000001   0.4679   0.5293  1+[ 8, 6, 0]
   6   58.319992   58.318405   0.00000000   0.00000002   0.4718   0.6104  1+[ 8, 7, 1]
   7   39.345894   39.345383   0.00000474   0.00217795   0.2287   0.4531  1+[ 8, 2, 0]
   8   56.058738   56.057779   0.00000675   0.00259747   0.3609   0.4993  1+[ 8, 5, 1]
   9   32.392031   32.389865   0.00000915   0.00302407   0.4375   0.7062  1+[ 6, 0, 0]
  10   45.417650   45.416530   0.00000977   0.00312528   0.3580   0.5025  1+[ 8, 5, 1]
  11   38.053251   38.052267   0.00000987   0.00314154   0.3133   0.5996  1-[ 7, 0, 1]
  12   29.775825   29.773671   0.00001081   0.00328725   0.4233   0.6606  1+[ 6, 0, 0]
  13   37.839788   37.838646   0.00001150   0.00339126   0.3367   0.7158  1-[ 7, 0, 1]
  14   29.284257   29.282021   0.00001266   0.00355749   0.4286   0.6085  1+[ 6, 3, 1]
  15   37.029192   37.027947   0.00001275   0.00357128   0.3488   0.6730  1-[ 7, 1, 0]
  16   40.538297   40.536875   0.00001358   0.00368522   0.3858   0.5553  1-[ 7, 7, 0]
  17   27.469138   27.467074   0.00001366   0.00369616   0.4027   0.5833  1+[ 6, 4, 0]
  18   41.809278   41.807663   0.00001506   0.00388083   0.4162   0.5902  1-[ 7, 3, 0]
  19   46.390866   46.389003   0.00001601   0.00400077   0.4657   0.5149  1-[ 7, 5, 0]
  20   38.984721   38.983042   0.00001653   0.00406600   0.4130   0.5567  1-[ 7, 7, 0]
  21   29.880032   29.877066   0.00001697   0.00411981   0.4973   0.6074  1+[ 6, 5, 1]
  22   38.105536   38.101594   0.00001734   0.00416462   0.6273   0.5443  1+[ 6, 4, 0]
  23   34.890505   34.888127   0.00002546   0.00504554   0.4712   0.5459  1-[ 7, 5, 0]
  24   33.775227   33.769865   0.00005882   0.00766931   0.6992   0.8645  1-[ 5, 0, 1]
  25   30.738581   30.732631   0.00006993   0.00836184   0.7115   0.5350  1-[ 5, 2, 1]
  26   27.328394   27.322707   0.00007265   0.00852307   0.6671   0.5782  1-[ 5, 1, 0]
  27   34.148048   34.140564   0.00008106   0.00900292   0.8294   0.5156  1+[ 6, 4, 0]
  28   25.846587   25.839497   0.00009414   0.00970205   0.7306   0.5784  1-[ 5, 4, 1]
  29   31.771915   31.763613   0.00009525   0.00975908   0.8506   0.5438  1-[ 5, 2, 1]
  30   13.400230   13.390831   0.00018579   0.01362913   0.6883   0.8714  1+[ 4, 0, 0]
  31   16.790688   16.777939   0.00022290   0.01492803   0.8538   0.5819  1-[ 5, 3, 0]
  32   11.155461   11.144470   0.00023719   0.01539920   0.7104   0.7041  1+[ 4, 1, 1]
  33   12.432227   12.417054   0.00030804   0.01754844   0.8575   0.7026  1+[ 4, 3, 1]
  34    7.349588    7.336980   0.00032700   0.01808027   0.6949   0.5953  1+[ 4, 4, 0]
  35   -0.015770   -0.045320   0.00124715   0.03529302   0.8343   0.5828  1+[ 4, 2, 0]
  36   -3.709298   -3.745761   0.00225132   0.04739467   0.7676   0.9177  1-[ 3, 0, 1]
  37   -5.029027   -5.081056   0.00383785   0.06183140   0.8382   0.7747  1-[ 3, 2, 1]
  38   -8.577810   -8.653789   0.01176275   0.10781647   0.6964   0.6628  1-[ 3, 1, 0]
  39   -9.748626  -13.698525   0.95925751   0.19769304   0.8140   0.6035  1-[ 3, 3, 0]
  40   -3.975041  -19.587492   0.99665093   0.05777417   0.9043   0.7758  1+[ 2, 0, 0]
  41   -2.391921  -21.183649   0.99790561   0.04571661   0.8599   0.6504  1+[ 2, 1, 1]
  42    2.688082  -26.276809   0.99909270   0.03010771   0.8709   0.8313  1+[ 2, 2, 0]
  43   12.080704  -35.675143   0.99957142   0.02069763   0.9889   0.9730  1-[ 1, 0, 1]
  44   16.268767  -39.868945   0.99973756   0.01619795   0.9096   0.9663  1-[ 1, 1, 0]
  45   28.689361  -52.294399   0.99987755   0.01106522   0.8943   0.9880  1+[ 0, 0, 0]
  46   57.142074   57.140476   0.00000000   0.00000000   0.4694   0.7528  3+[ 8, 7, 1]
  47   59.114450   59.112699   0.00000000   0.00000000   0.4984   0.6885  3+[ 8, 0, 2]
  48   55.501929   55.500542   0.00000000   0.00000000   0.4322   0.5897  3+[ 8, 0, 2]
  49   53.972655   53.971082   0.00000000   0.00000000   0.4549   0.6608  3+[ 8, 1, 1]
  50   55.656368   55.654826   0.00000000   0.00000002   0.4561   0.5491  3+[ 8, 6, 2]
  51   39.251195   39.250683   0.00000475   0.00217943   0.2286   0.4801  3+[ 8, 3, 1]
  52   56.024282   56.023316   0.00000677   0.00260211   0.3620   0.5681  3+[ 8, 4, 2]
  53   32.860036   32.857844   0.00000886   0.00297578   0.4426   0.8383  3+[ 6, 0, 2]
  54   45.500582   45.499460   0.00000977   0.00312641   0.3585   0.5698  3+[ 8, 5, 1]
  55   38.275656   38.274651   0.00001003   0.00316716   0.3172   0.6433  3-[ 7, 1, 2]
  56   30.314842   30.312551   0.00001115   0.00333872   0.4393   0.5645  3+[ 6, 1, 1]
  57   36.647350   36.646195   0.00001192   0.00345317   0.3346   0.7988  3-[ 7, 0, 1]
  58   28.979479   28.977118   0.00001284   0.00358395   0.4389   0.5960  3+[ 6, 1, 1]
  59   37.538532   37.537262   0.00001286   0.00358605   0.3539   0.5411  3-[ 7, 1, 2]
  60   38.752048   38.750605   0.00001427   0.00377769   0.3820   0.6561  3-[ 7, 2, 1]
  61   46.306260   46.304389   0.00001610   0.00401232   0.4663   0.6296  3-[ 7, 5, 2]
  62   30.988608   30.985483   0.00001691   0.00411253   0.5172   0.5672  3+[ 6, 4, 2]
  63   39.312800   39.311058   0.00001704   0.00412770   0.4220   0.6830  3-[ 7, 6, 1]
  64   37.121314   37.117436   0.00001743   0.00417547   0.6160   0.6365  3+[ 6, 5, 1]
  65   34.973506   34.971122   0.00002548   0.00504780   0.4723   0.5624  3-[ 7, 4, 1]
  66   31.927298   31.921610   0.00006503   0.00806361   0.7053   0.9107  3-[ 5, 0, 1]
  67   31.708069   31.701835   0.00007163   0.00846330   0.7366   0.7385  3-[ 5, 1, 2]
  68   34.320032   34.312479   0.00008152   0.00902857   0.8347   0.5315  3+[ 6, 3, 1]
  69   29.305594   29.297800   0.00009479   0.00973546   0.8005   0.6504  3-[ 5, 3, 2]
  70   28.963791   28.955832   0.00009761   0.00987953   0.8056   0.6822  3-[ 5, 4, 1]
  71   13.758583   13.747781   0.00020893   0.01445277   0.7431   0.9243  3+[ 4, 0, 2]
  72   17.049695   17.036825   0.00022299   0.01493105   0.8617   0.6027  3-[ 5, 4, 1]
  73   12.397488   12.382584   0.00030339   0.01741553   0.8493   0.7421  3+[ 4, 2, 2]
  74    9.066319    9.052685   0.00032395   0.01799566   0.7543   0.6562  3+[ 4, 3, 1]
  75    0.287801    0.258153   0.00121956   0.03490085   0.8464   0.7011  3+[ 4, 3, 1]
  76   -3.569949   -3.619189   0.00298879   0.05458805   0.8993   0.8176  3-[ 3, 1, 2]
  77   -6.525172   -6.577543   0.00495721   0.07023270   0.7420   0.8301  3-[ 3, 0, 1]
  78  -10.119427  -13.273071   0.93411936   0.24807333   0.8375   0.8236  3-[ 3, 2, 1]
  79   -5.184592  -18.358808   0.99459548   0.07331654   0.9706   0.9408  3+[ 2, 0, 2]
  80    2.067000  -25.649805   0.99883730   0.03407850   0.9434   0.9359  3+[ 2, 1, 1]
  81   14.537310  -38.133391   0.99964254   0.01890320   0.9960   0.9862  3-[ 1, 0, 1]
  82   56.200168   56.198676   0.00000000   0.00000000   0.4505   0.6510  5+[ 8, 5, 3]
  83   51.972124   51.970637   0.00000000   0.00000000   0.4355   0.5789  5+[ 8, 4, 2]
  84   55.801835   55.800288   0.00000000   0.00000000   0.4574   0.8922  5+[ 8, 1, 3]
  85   56.136263   56.134585   0.00000000   0.00000001   0.4775   0.7963  5+[ 8, 0, 2]
  86   39.069174   39.068663   0.00000475   0.00217879   0.2280   0.5537  5+[ 8, 2, 2]
  87   56.099258   56.098286   0.00000682   0.00261066   0.3633   0.5693  5+[ 8, 3, 3]
  88   32.973374   32.971060   0.00000916   0.00302600   0.4553   0.7006  5+[ 6, 1, 3]
  89   36.904156   36.903220   0.00000961   0.00309961   0.3020   0.8231  5-[ 7, 0, 3]
  90   45.613556   45.612431   0.00000977   0.00312644   0.3595   0.5835  5+[ 8, 4, 2]
  91   30.207148   30.204801   0.00001065   0.00326395   0.4440   0.7644  5+[ 6, 0, 2]
  92   37.656498   37.655344   0.00001166   0.00341494   0.3378   0.5736  5-[ 7, 2, 3]
  93   36.217788   36.216523   0.00001317   0.00362916   0.3486   0.7187  5-[ 7, 1, 2]
  94   46.186002   46.184121   0.00001622   0.00402736   0.4671   0.7334  5-[ 7, 4, 3]
  95   31.464029   31.460807   0.00001634   0.00404263   0.5281   0.7628  5+[ 6, 2, 2]
  96   38.442532   38.440800   0.00001724   0.00415198   0.4173   0.6378  5-[ 7, 3, 2]
  97   37.510420   37.506421   0.00001747   0.00417943   0.6281   0.6758  5+[ 6, 3, 3]
  98   35.146278   35.143886   0.00002548   0.00504763   0.4740   0.6398  5-[ 7, 5, 2]
  99   36.012035   36.005635   0.00006692   0.00817989   0.7823   0.8943  5-[ 5, 0, 3]
 100   34.664474   34.656788   0.00008240   0.00907703   0.8452   0.6006  5+[ 6, 4, 2]
 101   31.093032   31.084831   0.00009558   0.00977590   0.8388   0.7153  5-[ 5, 1, 2]
 102   29.259765   29.251483   0.00010085   0.01004170   0.8248   0.5751  5-[ 5, 3, 2]
 103   17.588268   17.575161   0.00022295   0.01492989   0.8777   0.7708  5-[ 5, 3, 2]
 104   11.073218   11.060550   0.00027366   0.01654026   0.7613   0.9306  5+[ 4, 0, 2]
 105   13.629478   13.613574   0.00030679   0.01751286   0.8994   0.8501  5+[ 4, 1, 3]
 106    0.891827    0.861991   0.00116794   0.03415524   0.8700   0.8680  5+[ 4, 2, 2]
 107   -1.658426   -1.703326   0.00221201   0.04697992   0.9536   0.9538  5-[ 3, 0, 3]
 108  -10.698126  -12.488433   0.80693061   0.39470698   0.8757   0.9365  5-[ 3, 1, 2]
 109    0.751319  -24.327185   0.99843840   0.03948623   0.9896   0.9833  5+[ 2, 0, 2]
 110   55.550239   55.548683   0.00000000   0.00000000   0.4579   0.9619  7+[ 8, 0, 4]
 111   55.293721   55.292141   0.00000000   0.00000000   0.4604   0.5927  7+[ 8, 2, 4]
 112   52.280117   52.278690   0.00000000   0.00000000   0.4278   0.7881  7+[ 8, 1, 3]
 113   38.774884   38.774378   0.00000472   0.00217227   0.2262   0.4807  7+[ 8, 3, 3]
 114   55.462641   55.461631   0.00000684   0.00261537   0.3687   0.6701  7+[ 8, 4, 4]
 115   35.260277   35.258045   0.00000774   0.00278212   0.4584   0.9184  7+[ 6, 0, 4]
 116   45.894768   45.893641   0.00000976   0.00312353   0.3606   0.6630  7+[ 8, 5, 3]
 117   38.416793   38.415753   0.00001035   0.00321641   0.3231   0.8077  7-[ 7, 1, 4]
 118   35.555534   35.554359   0.00001240   0.00352159   0.3336   0.7936  7-[ 7, 0, 3]
 119   31.763283   31.760016   0.00001486   0.00385451   0.5336   0.8765  7+[ 6, 1, 3]
 120   37.787706   37.786160   0.00001559   0.00394900   0.3917   0.8112  7-[ 7, 2, 3]
 121   45.608144   45.606252   0.00001647   0.00405874   0.4661   0.7810  7-[ 7, 3, 4]
 122   38.843443   38.839263   0.00001708   0.00413305   0.6507   0.8331  7+[ 6, 2, 4]
 123   35.410770   35.408373   0.00002538   0.00503779   0.4758   0.7756  7-[ 7, 4, 3]
 124   35.175088   35.167219   0.00008354   0.00913955   0.8599   0.7272  7+[ 6, 3, 3]
 125   29.784477   29.776735   0.00009307   0.00964679   0.8025   0.9075  7-[ 5, 0, 3]
 126   34.469539   34.460349   0.00009930   0.00996423   0.9222   0.8190  7-[ 5, 1, 4]
 127   18.420845   18.407409   0.00022225   0.01490644   0.9012   0.8734  7-[ 5, 2, 3]
 128   16.106549   16.090804   0.00027306   0.01652223   0.9374   0.9540  7+[ 4, 0, 4]
 129    1.820644    1.790818   0.00108559   0.03293046   0.9011   0.9600  7+[ 4, 1, 3]
 130  -10.795399  -11.351515   0.27474499   0.44638569   0.9035   0.9848  7-[ 3, 0, 3]
 131   50.202957   50.201541   0.00000000   0.00000000   0.4191   0.9066  9+[ 8, 0, 4]
 132   54.470628   54.469283   0.00000000   0.00000000   0.4223   0.8292  9+[ 8, 1, 5]
 133   38.365517   38.365028   0.00000464   0.00215350   0.2215   0.7088  9+[ 8, 2, 4]
 134   56.398119   56.397150   0.00000689   0.00262399   0.3637   0.8078  9+[ 8, 3, 5]
 135   37.831418   37.830514   0.00000910   0.00301727   0.2995   0.9129  9-[ 7, 0, 5]
 136   46.210872   46.209747   0.00000969   0.00311250   0.3614   0.7946  9+[ 8, 4, 4]
 137   32.833638   32.830407   0.00001246   0.00353029   0.5370   0.9542  9+[ 6, 0, 4]
 138   35.213527   35.212287   0.00001318   0.00363104   0.3415   0.9147  9-[ 7, 1, 4]
 139   40.079909   40.075660   0.00001598   0.00399763   0.6640   0.9172  9+[ 6, 1, 5]
 140   46.978470   46.976559   0.00001626   0.00403232   0.4741   0.9034  9-[ 7, 2, 5]
 141   35.780552   35.778166   0.00002507   0.00500736   0.4766   0.8785  9-[ 7, 3, 4]
 142   35.835439   35.827388   0.00008441   0.00918716   0.8758   0.8123  9+[ 6, 2, 4]
 143   37.648268   37.639056   0.00009314   0.00965038   0.9545   0.9051  9-[ 5, 0, 5]
 144   19.547278   19.533548   0.00021895   0.01479549   0.9278   0.9300  9-[ 5, 1, 4]
 145    3.153978    3.125657   0.00093457   0.03055640   0.9201   0.9924  9+[ 4, 0, 4]
 146   54.303443   54.302223   0.00000000   0.00000000   0.4016   0.9438 11+[ 8, 0, 6]
 147   37.710867   37.710433   0.00000437   0.00209160   0.2075   0.8300 11+[ 8, 1, 5]
 148   56.444227   56.443272   0.00000682   0.00261120   0.3610   0.9079 11+[ 8, 2, 6]
 149   46.606699   46.605586   0.00000952   0.00308557   0.3606   0.8932 11+[ 8, 3, 5]
 150   34.598231   34.597172   0.00001141   0.00337732   0.3135   0.9373 11-[ 7, 0, 5]
 151   41.674844   41.670694   0.00001394   0.00373382   0.6662   0.9606 11+[ 6, 0, 6]
 152   47.444051   47.442209   0.00001555   0.00394277   0.4672   0.9548 11-[ 7, 1, 6]
 153   36.276943   36.274602   0.00002434   0.00493377   0.4745   0.9476 11-[ 7, 2, 5]
 154   36.642131   36.634020   0.00008370   0.00914864   0.8865   0.8556 11+[ 6, 1, 5]
 155   20.999576   20.986108   0.00020526   0.01432555   0.9400   0.9437 11-[ 5, 0, 5]
 156   37.597901   37.597535   0.00000370   0.00192419   0.1901   0.8576 13+[ 8, 0, 6]
 157   56.527530   56.526637   0.00000653   0.00255594   0.3493   0.9673 13+[ 8, 1, 7]
 158   47.126540   47.125458   0.00000917   0.00302882   0.3570   0.9566 13+[ 8, 2, 6]
 159   48.026847   48.025178   0.00001395   0.00373436   0.4469   0.9851 13-[ 7, 0, 7]
 160   36.951637   36.949409   0.00002285   0.00478004   0.4661   0.9851 13-[ 7, 1, 6]
 161   37.665715   37.657891   0.00007908   0.00889211   0.8798   0.8630 13+[ 6, 0, 6]
 162   57.033028   57.032229   0.00000580   0.00240869   0.3316   0.9896 15+[ 8, 0, 8]
 163   47.821425   47.820407   0.00000854   0.00292147   0.3484   0.9896 15+[ 8, 1, 7]
 164   37.844720   37.842715   0.00002020   0.00449404   0.4463   1.0000 15-[ 7, 0, 7]
 165   48.703237   48.702330   0.00000749   0.00273728   0.3313   1.0000 17+[ 8, 0, 8]
  Sum canonical e_v*V^2_k=  -679.51663668080573     


 #quasiparticle energies protons 
 --------------------------------
  eqp(k) -> q.p. energy 
  e(k)   -> referent s.p. energy 
  p(k)   -> occ.probability 
  del(k) -> referent s.p. gap 
  fermi energy alast=  -14.753804233166376     
  #k  block#    eqp(k)     e(k)       (1-2N)E      decay        p(k)        del(k)    overl      labels
   1    1     1.411603  -15.538024   -0.784220    1.783827    0.77777636   1.1737   0.5280  1-[ 3, 3, 0]
   2    1     4.414416  -10.428780    4.325024    1.942452    0.01012499   0.8839   0.6598  1-[ 3, 1, 0]
   3    1     6.153471  -20.802075   -6.048271    2.028655    0.99145202   1.1330   0.8299  1+[ 2, 0, 0]
   4    1     7.472933   -7.343327    7.410477    2.091690    0.00417878   0.9641   0.6881  1-[ 3, 2, 1]
   5    1     7.713497  -22.366553   -7.612749    2.102979    0.99346933   1.2426   0.6425  1+[ 2, 1, 1]
   6    1     8.987465   -5.815805    8.937999    2.161779    0.00275195   0.9416   0.7685  1-[ 3, 0, 1]
   7    1    11.419645   -3.380112   11.373692    2.269812    0.00201201   1.0234   0.5516  1+[ 4, 2, 0]
   8    1    13.323507  -27.889000  -13.135196    2.350916    0.99293310   2.2321   0.7446  1+[ 2, 2, 0]
   9    1    16.569233    1.647838   16.401643    2.483083    0.00505727   2.3507   0.5972  1+[ 4, 4, 0]
  10    1    18.735794    3.950467   18.704271    2.567523    0.00084125   1.0864   0.5389  1+[ 4, 1, 1]
  11    1    20.171973    5.392738   20.146542    2.621998    0.00063035   1.0126   0.6881  1+[ 4, 0, 0]
  12    1    21.460470    6.687849   21.441654    2.669926    0.00043838   0.8985   0.5290  1+[ 4, 1, 1]
  13    1    21.877791  -36.576405  -21.822600    2.685266    0.99873866   1.5530   0.9385  1-[ 1, 0, 1]
  14    1    23.334886    8.562422   23.316226    2.738151    0.00039983   0.9330   0.5807  1-[ 5, 3, 0]
  15    1    26.466763  -40.809794  -26.055990    2.848501    0.99223982   4.6449   0.9289  1-[ 1, 1, 0]
  16    1    28.140395   13.186498   27.940302    2.905753    0.00355526   3.3498   0.5457  1-[ 5, 5, 0]
  17    1    29.456616   14.462001   29.215806    2.949998    0.00408754   3.7588   0.5986  1-[ 5, 1, 0]
  18    1    31.205273   16.417063   31.170867    3.007773    0.00055129   1.4650   0.4772  1-[ 5, 0, 1]
  19    1    32.151603   17.384114   32.137918    3.038581    0.00021282   0.9380   0.4947  1-[ 5, 0, 1]
  20    1    33.287530   18.525354   33.279158    3.075154    0.00012574   0.7465   0.5361  1-[ 5, 2, 1]
  21    1    34.895752   20.134876   34.888680    3.126202    0.00010134   0.7025   0.5684  1+[ 6, 4, 0]
  22    1    37.132381   22.366725   37.120529    3.195842    0.00015959   0.9381   0.5026  1+[ 6, 2, 0]
  23    1    37.649749   22.884105   37.637909    3.211735    0.00015724   0.9442   0.4105  1+[ 6, 1, 1]
  24    1    38.591306  -52.994902  -38.241098    3.240460    0.99546260   5.1872   0.9812  1+[ 0, 0, 0]
  25    1    39.879338   25.000551   39.754356    3.279348    0.00156700   3.1548   0.3685  1+[ 6, 1, 1]
  26    1    40.566718   25.582477   40.336281    3.299913    0.00284022   4.3178   0.5886  1+[ 6, 0, 0]
  27    1    42.684890   27.918051   42.671855    3.362495    0.00015269   1.0548   0.3958  1+[ 6, 5, 1]
  28    1    43.003304   28.246695   43.000499    3.371802    0.00003261   0.4911   0.4878  1+[ 6, 3, 1]
  29    1    48.349367   33.591264   48.345069    3.524398    0.00004445   0.6447   0.5117  1-[ 7, 4, 1]
  30    1    55.529408   40.764091   55.517895    3.719505    0.00010366   1.1307   0.4636  1-[ 7, 2, 1]
  31    1    59.530751   44.774955   59.528759    3.823919    0.00001673   0.4870   0.5144  1+[ 8, 4, 0]
  32    1    60.381561   45.624255   60.378060    3.845755    0.00002899   0.6503   0.5420  1-[ 7, 4, 1]
  33    1    61.392636   46.629880   61.383684    3.871544    0.00007291   1.0484   0.4821  1-[ 7, 7, 0]
  34    1    63.984954   49.222201   63.976006    3.936894    0.00006993   1.0701   0.4683  1+[ 8, 2, 0]
  35    1    64.919715   50.157455   64.911259    3.960193    0.00006513   1.0478   0.4851  1-[ 7, 1, 0]
  36    1    66.810694   52.047065   66.800870    4.006914    0.00007352   1.1457   0.5905  1-[ 7, 7, 0]
  37    1    66.842986   52.079024   66.832828    4.007707    0.00007598   1.1653   0.4991  1-[ 7, 6, 1]
  38    1    69.605617   54.843614   69.597418    4.074987    0.00005889   1.0683   0.6196  1-[ 7, 0, 1]
  39    1    69.821158   55.065581   69.819385    4.080189    0.00001269   0.4975   0.4920  1+[ 8, 5, 1]
  40    1    73.485996   58.724082   73.477886    4.167654    0.00005518   1.0918   0.3872  1+[ 8, 8, 0]
  41    2     1.263173  -15.231195   -0.477391    1.775619    0.68896479   1.1695   0.6860  3-[ 3, 2, 1]
  42    2     4.911314  -19.516692   -4.762888    1.967468    0.98488942   1.1983   0.9253  3+[ 2, 0, 2]
  43    2     6.186326   -8.620241    6.133563    2.030248    0.00426450   0.8062   0.8636  3-[ 3, 0, 1]
  44    2     9.042612   -5.774136    8.979668    2.164289    0.00348043   1.0651   0.8220  3-[ 3, 1, 2]
  45    2    11.615585   -3.184597   11.569207    2.278292    0.00199636   1.0369   0.7093  3+[ 4, 3, 1]
  46    2    12.762682  -27.369999  -12.616195    2.327319    0.99426114   1.9281   0.9252  3+[ 2, 1, 1]
  47    2    17.177942    2.305539   17.059343    2.507095    0.00345208   2.0151   0.7497  3+[ 4, 1, 1]
  48    2    20.424725    5.650168   20.403972    2.631469    0.00050803   0.9205   0.5799  3+[ 4, 0, 2]
  49    2    21.840230    7.068279   21.822084    2.683889    0.00041542   0.8901   0.6170  3+[ 4, 0, 2]
  50    2    23.464719    8.688483   23.442287    2.742814    0.00047800   1.0258   0.5980  3-[ 5, 4, 1]
  51    2    24.822753  -39.469146  -24.715341    2.791119    0.99783643   2.3067   0.9840  3-[ 1, 0, 1]
  52    2    28.271859   13.465692   28.219496    2.910202    0.00092605   1.7199   0.6013  3-[ 5, 2, 1]
  53    2    30.072873   15.264356   30.018161    2.970487    0.00090967   1.8132   0.7876  3-[ 5, 0, 1]
  54    2    32.351421   17.583232   32.337036    3.045047    0.00022232   0.9646   0.5826  3-[ 5, 3, 2]
  55    2    33.383680   18.621871   33.375675    3.078230    0.00011990   0.7310   0.5983  3-[ 5, 1, 2]
  56    2    34.972882   20.212157   34.965962    3.128630    0.00009894   0.6957   0.5355  3+[ 6, 5, 1]
  57    2    37.114550   22.349854   37.103659    3.195293    0.00014673   0.8991   0.4372  3+[ 6, 5, 1]
  58    2    37.564095   22.800771   37.554575    3.209109    0.00012671   0.8456   0.6222  3+[ 6, 1, 1]
  59    2    40.819928   26.057725   40.811529    3.307457    0.00010288   0.8280   0.5929  3+[ 6, 0, 2]
  60    2    42.768039   28.002482   42.756286    3.364928    0.00013740   1.0026   0.4330  3+[ 6, 4, 2]
  61    2    43.043191   28.286701   43.040506    3.372966    0.00003120   0.4808   0.4910  3+[ 6, 4, 2]
  62    2    48.401094   33.643045   48.396849    3.525842    0.00004385   0.6410   0.5908  3-[ 7, 4, 1]
  63    2    55.469227   40.703938   55.457742    3.717913    0.00010353   1.1287   0.5802  3-[ 7, 2, 1]
  64    2    59.567413   44.811637   59.565441    3.824862    0.00001655   0.4846   0.5429  3+[ 8, 5, 1]
  65    2    60.406902   45.649642   60.403446    3.846403    0.00002860   0.6461   0.5994  3-[ 7, 3, 2]
  66    2    61.417713   46.655010   61.408815    3.872181    0.00007244   1.0454   0.4793  3-[ 7, 4, 1]
  67    2    63.912126   49.149406   63.903210    3.935072    0.00006976   1.0676   0.4542  3+[ 8, 3, 1]
  68    2    65.290562   50.528385   65.282189    3.969399    0.00006412   1.0456   0.7246  3-[ 7, 1, 2]
  69    2    66.883148   52.118625   66.872429    4.008693    0.00008013   1.1974   0.5622  3-[ 7, 5, 2]
  70    2    66.924191   52.161506   66.915310    4.009700    0.00006635   1.0903   0.6621  3-[ 7, 0, 1]
  71    2    69.824382   55.068826   69.822630    4.080267    0.00001254   0.4946   0.5785  3+[ 8, 4, 2]
  72    2    73.447484   58.685523   73.439327    4.166744    0.00005553   1.0946   0.5015  3+[ 8, 1, 1]
  73    3     1.153126  -14.588181    0.165623    1.769508    0.42818520   1.1412   0.7062  5-[ 3, 1, 2]
  74    3    10.594880   -4.203484   10.550320    2.233763    0.00210288   0.9707   0.9178  5-[ 3, 0, 3]
  75    3    11.413737  -26.044453  -11.290648    2.269556    0.99460785   1.6717   0.9799  5+[ 2, 0, 2]
  76    3    12.020163   -2.804631   11.949173    2.295703    0.00295295   1.3044   0.8619  5+[ 4, 2, 2]
  77    3    18.662137    3.846468   18.600273    2.564698    0.00165748   1.5183   0.8629  5+[ 4, 0, 2]
  78    3    22.047243    7.278669   22.032473    2.691470    0.00033496   0.8069   0.8242  5+[ 4, 1, 3]
  79    3    23.743734    8.975355   23.729159    2.752808    0.00030691   0.8318   0.7755  5-[ 5, 3, 2]
  80    3    28.680211   13.908772   28.662576    2.923980    0.00030744   1.0056   0.7902  5-[ 5, 1, 2]
  81    3    33.153852   18.391084   33.144888    3.070873    0.00013519   0.7709   0.7324  5-[ 5, 2, 3]
  82    3    34.004357   19.240075   33.993879    3.098012    0.00015406   0.8441   0.7633  5-[ 5, 0, 3]
  83    3    35.154216   20.393752   35.147556    3.134329    0.00009472   0.6842   0.7219  5+[ 6, 4, 2]
  84    3    37.029936   22.265875   37.019680    3.192685    0.00013848   0.8715   0.6910  5+[ 6, 2, 2]
  85    3    38.321112   23.559434   38.313238    3.232243    0.00010274   0.7768   0.7520  5+[ 6, 0, 2]
  86    3    42.753793   27.989049   42.742854    3.364511    0.00012794   0.9671   0.5354  5+[ 6, 1, 3]
  87    3    43.136929   28.380477   43.134281    3.375701    0.00003069   0.4780   0.6090  5+[ 6, 3, 3]
  88    3    48.512923   33.754988   48.508792    3.528963    0.00004257   0.6331   0.5895  5-[ 7, 3, 2]
  89    3    55.357768   40.592574   55.346379    3.714961    0.00010287   1.1229   0.5651  5-[ 7, 1, 2]
  90    3    59.647188   44.891455   59.645260    3.826914    0.00001616   0.4796   0.6017  5+[ 8, 4, 2]
  91    3    60.462225   45.705072   60.458876    3.847819    0.00002769   0.6363   0.5972  5-[ 7, 4, 3]
  92    3    61.386957   46.624478   61.378282    3.871400    0.00007066   1.0320   0.6411  5-[ 7, 1, 2]
  93    3    63.781573   49.018948   63.772752    3.931806    0.00006915   1.0608   0.5766  5+[ 8, 2, 2]
  94    3    66.387815   51.625513   66.379318    3.996513    0.00006400   1.0622   0.8145  5-[ 7, 0, 3]
  95    3    67.009437   52.245713   66.999517    4.011792    0.00007402   1.1530   0.6025  5-[ 7, 2, 3]
  96    3    69.836222   55.080712   69.834516    4.080552    0.00001221   0.4881   0.5968  5+[ 8, 3, 3]
  97    3    73.405497   58.643465   73.397270    4.165752    0.00005604   1.0990   0.4986  5+[ 8, 4, 2]
  98    4     1.779083  -13.315993    1.437811    1.803988    0.09591226   1.0478   0.9344  7-[ 3, 0, 3]
  99    4    12.717152   -2.073281   12.680524    2.325393    0.00144012   0.9645   0.9455  7+[ 4, 1, 3]
 100    4    23.318416    8.554115   23.307919    2.737559    0.00022508   0.6996   0.8829  7+[ 4, 0, 4]
 101    4    24.192720    9.425305   24.179109    2.768814    0.00028130   0.8114   0.8885  7-[ 5, 2, 3]
 102    4    29.668012   14.899840   29.653644    2.957042    0.00024214   0.9232   0.8773  7-[ 5, 0, 3]
 103    4    33.909131   19.149852   33.903656    3.094985    0.00008074   0.6094   0.8500  7-[ 5, 1, 4]
 104    4    35.429990   20.669942   35.423747    3.142977    0.00008811   0.6651   0.8460  7+[ 6, 3, 3]
 105    4    37.087941   22.324962   37.078766    3.194473    0.00012369   0.8249   0.8283  7+[ 6, 1, 3]
 106    4    43.109866   28.351678   43.105483    3.374911    0.00005084   0.6147   0.7322  7+[ 6, 2, 4]
 107    4    43.628461   28.867903   43.621707    3.390001    0.00007740   0.7676   0.7071  7+[ 6, 0, 4]
 108    4    48.695575   33.937822   48.691627    3.534053    0.00004054   0.6201   0.7017  7-[ 7, 4, 3]
 109    4    55.185437   40.420566   55.174370    3.710392    0.00010027   1.1051   0.6723  7-[ 7, 2, 3]
 110    4    59.778402   45.022738   59.776542    3.830288    0.00001555   0.4715   0.5845  7+[ 8, 3, 3]
 111    4    60.550235   45.793290   60.547094    3.850069    0.00002594   0.6168   0.7533  7-[ 7, 3, 4]
 112    4    61.823845   47.062050   61.815855    3.882491    0.00006463   0.9940   0.8371  7-[ 7, 0, 3]
 113    4    63.592560   48.830147   63.583951    3.927072    0.00006769   1.0463   0.5621  7+[ 8, 5, 3]
 114    4    66.979536   52.215494   66.969298    4.011059    0.00007642   1.1710   0.7451  7-[ 7, 1, 4]
 115    4    69.862654   55.107224   69.861028    4.081190    0.00001164   0.4767   0.6526  7+[ 8, 4, 4]
 116    4    73.279839   58.517869   73.271673    4.162783    0.00005572   1.0939   0.6715  7+[ 8, 1, 3]
 117    5    14.020659   -0.760947   13.992857    2.379924    0.00099147   0.8825   0.9838  9+[ 4, 0, 4]
 118    5    24.937275   10.171348   24.925152    2.795155    0.00024308   0.7775   0.9512  9-[ 5, 1, 4]
 119    5    34.980567   20.222707   34.976511    3.128871    0.00005797   0.5327   0.8941  9-[ 5, 0, 5]
 120    5    35.875752   21.116414   35.870218    3.156905    0.00007712   0.6301   0.9051  9+[ 6, 2, 4]
 121    5    37.780087   23.018750   37.772554    3.215727    0.00009969   0.7544   0.8659  9+[ 6, 0, 4]
 122    5    43.534503   28.778846   43.532650    3.387272    0.00002128   0.4017   0.8394  9+[ 6, 1, 5]
 123    5    48.959592   34.202103   48.955908    3.541398    0.00003763   0.6007   0.8336  9-[ 7, 3, 4]
 124    5    54.964750   40.200666   54.954470    3.704534    0.00009352   1.0630   0.8813  9-[ 7, 1, 4]
 125    5    59.966853   45.211287   59.965092    3.835127    0.00001468   0.4595   0.7294  9+[ 8, 4, 4]
 126    5    60.672552   45.915929   60.669733    3.853195    0.00002324   0.5849   0.8741  9-[ 7, 2, 5]
 127    5    63.335969   48.573983   63.327787    3.920636    0.00006459   1.0180   0.7022  9+[ 8, 2, 4]
 128    5    67.521715   52.759207   67.513011    4.024340    0.00006445   1.0841   0.8606  9-[ 7, 0, 5]
 129    5    69.901608   55.146305   69.900109    4.082129    0.00001073   0.4578   0.7856  9+[ 8, 3, 5]
 130    5    73.584811   58.823398   73.577203    4.169987    0.00005170   1.0581   0.8207  9+[ 8, 0, 4]
 131    6    26.275843   11.512430   26.266234    2.841897    0.00018286   0.7106   0.9822 11-[ 5, 0, 5]
 132    6    36.690890   21.932332   36.686136    3.182216    0.00006478   0.5906   0.9488 11+[ 6, 1, 5]
 133    6    44.477482   29.722308   44.476112    3.414562    0.00001540   0.3491   0.8746 11+[ 6, 0, 6]
 134    6    49.338167   34.581037   49.334841    3.551904    0.00003371   0.5729   0.9263 11-[ 7, 2, 5]
 135    6    55.168935   40.406426   55.160230    3.709955    0.00007889   0.9800   0.9666 11-[ 7, 0, 5]
 136    6    60.218209   45.462775   60.216579    3.841572    0.00001353   0.4430   0.8514 11+[ 8, 3, 5]
 137    6    60.881741   46.125547   60.879351    3.858534    0.00001963   0.5395   0.9472 11-[ 7, 1, 6]
 138    6    63.084655   48.323392   63.077196    3.914322    0.00005912   0.9701   0.8849 11+[ 8, 1, 5]
 139    6    69.960990   55.205866   69.959670    4.083561    0.00000943   0.4298   0.8892 11+[ 8, 2, 6]
 140    7    38.018080   23.260532   38.014337    3.223003    0.00004924   0.5335   0.9730 13+[ 6, 0, 6]
 141    7    49.945924   35.189287   49.943091    3.568705    0.00002836   0.5320   0.9782 13-[ 7, 1, 6]
 142    7    60.564023   45.808753   60.562557    3.850422    0.00001210   0.4214   0.9375 13+[ 8, 2, 6]
 143    7    61.523157   46.767517   61.521321    3.874861    0.00001492   0.4752   0.9782 13-[ 7, 0, 7]
 144    7    63.320916   48.560893   63.314697    3.920258    0.00004911   0.8875   0.9628 13+[ 8, 0, 6]
 145    7    70.115328   55.360420   70.114224    4.087279    0.00000787   0.3934   0.9540 13+[ 8, 1, 7]
 146    8    51.091161   36.335173   51.088977    3.600151    0.00002137   0.4724   1.0000 15-[ 7, 0, 7]
 147    8    61.131981   46.376945   61.130749    3.864912    0.00001008   0.3882   0.9812 15+[ 8, 1, 7]
 148    8    70.721949   55.967298   70.721102    4.101860    0.00000598   0.3460   0.9812 15+[ 8, 0, 8]
 149    9    62.237100   47.482344   62.236148    3.892952    0.00000764   0.3441   1.0000 17+[ 8, 0, 8]
#all active are  149 q.p. states out of  165
#since the cut off is pwi=  60.0
#check: number of protons =  24.0


 #canonical s.p. energies protons 
 ---------------------------------


  labels -> {2*omega}{parity}[nn=nz+2*nr+nl,nz,nl]
  cqpe   -> canonical q.p. energies
  ce     -> canonical s.p. energies
  fermi energy=  -14.753804233166376     
  average cdelt=   1.2152626759038887     
  k0      ceqp        ce         v*v       u*v        cdel     overl      labels
   1   57.011890   57.009011   0.00000000   0.00000000   0.6428   0.6899  1+[ 8, 8, 0]
   3   54.636212   54.633885   0.00000000   0.00000000   0.5683   0.5832  1+[ 8, 0, 0]
   4   53.569760   53.567413   0.00000000   0.00000001   0.5663   0.6801  1+[ 8, 1, 1]
   5   54.680682   54.678318   0.00000000   0.00000002   0.5730   0.5999  1+[ 8, 5, 1]
   6   33.416840   33.416244   0.00000500   0.00223547   0.2396   0.5120  1+[ 8, 2, 0]
   7   36.598263   36.597045   0.00000895   0.00299221   0.3537   0.4065  1+[ 8, 3, 1]
   8   46.691445   46.689440   0.00001002   0.00316592   0.4964   0.5028  1+[ 8, 4, 0]
   9   32.267597   32.266560   0.00001103   0.00332131   0.3123   0.8936  1-[ 7, 0, 1]
  10   36.914091   36.911726   0.00001152   0.00339430   0.4943   0.6889  1+[ 6, 0, 0]
  11   34.880920   34.879436   0.00001495   0.00386686   0.3839   0.7523  1-[ 7, 1, 0]
  12   32.687087   32.683675   0.00001511   0.00388663   0.5690   0.6006  1+[ 6, 1, 1]
  13   44.024085   44.022016   0.00001757   0.00419175   0.4932   0.5301  1+[ 8, 6, 0]
  14   35.453174   35.451347   0.00001820   0.00426583   0.4283   0.7397  1-[ 7, 2, 1]
  15   30.360226   30.355997   0.00002152   0.00463912   0.6177   0.6612  1+[ 6, 3, 1]
  16   37.510250   37.507939   0.00002212   0.00470268   0.4916   0.7340  1-[ 7, 3, 0]
  17   40.036780   40.034010   0.00002528   0.00502769   0.5509   0.5358  1-[ 7, 4, 1]
  18   28.249515   28.245241   0.00002619   0.00511719   0.6063   0.7396  1+[ 6, 6, 0]
  19   44.866510   44.862961   0.00002976   0.00545515   0.6505   0.6428  1-[ 7, 6, 1]
  20   39.505256   39.501860   0.00003130   0.00559419   0.6071   0.7887  1-[ 7, 7, 0]
  21   38.132526   38.124912   0.00003420   0.00584780   0.8974   0.5418  1+[ 6, 5, 1]
  22   33.818475   33.813978   0.00004629   0.00680347   0.6609   0.5555  1-[ 7, 5, 0]
  23   45.387211   45.378673   0.00007023   0.00838033   1.0134   0.4695  1+[ 6, 2, 0]
  24   35.942781   35.935068   0.00007608   0.00872181   0.8843   0.8863  1-[ 5, 0, 1]
  25   29.664632   29.654870   0.00010989   0.01048206   0.9312   0.7724  1-[ 5, 1, 0]
  26   28.750607   28.739771   0.00012454   0.01115890   0.9709   0.5403  1-[ 5, 2, 1]
  27   32.329275   32.314817   0.00015352   0.01238920   1.1667   0.5172  1+[ 6, 4, 0]
  28   25.072379   25.058606   0.00017292   0.01314860   1.0473   0.6363  1-[ 5, 4, 1]
  29   29.229592   29.214171   0.00017530   0.01323911   1.1646   0.6275  1-[ 5, 5, 0]
  30   13.075305   13.061676   0.00024139   0.01553500   0.8708   0.9033  1+[ 4, 0, 0]
  31   10.497094   10.478036   0.00037245   0.01929531   0.9809   0.7936  1+[ 4, 1, 1]
  32   15.184753   15.160524   0.00040463   0.02011146   1.2042   0.5718  1-[ 5, 3, 0]
  33    8.788568    8.763225   0.00053299   0.02308034   1.0921   0.6649  1+[ 4, 3, 1]
  34    8.243740    8.217675   0.00056211   0.02370214   1.0946   0.7769  1+[ 4, 4, 0]
  35   -1.738470   -1.793516   0.00211462   0.04593637   1.1958   0.5666  1+[ 4, 2, 0]
  36   -4.710122   -4.754039   0.00218627   0.04670646   0.9382   0.9311  1-[ 3, 0, 1]
  37   -6.116406   -6.201667   0.00493559   0.07008016   1.2106   0.7610  1-[ 3, 2, 1]
  38   -9.916813  -10.016638   0.01031895   0.10105675   0.9776   0.6567  1-[ 3, 3, 0]
  39  -13.334484  -15.542957   0.77800367   0.41558869   1.1797   0.5987  1-[ 3, 3, 0]
  40   -8.249217  -21.141533   0.99100898   0.09439373   1.2274   0.7442  1+[ 2, 1, 1]
  41   -7.314840  -22.116222   0.99484578   0.07160761   1.0644   0.7316  1+[ 2, 0, 0]
  42   -1.387768  -28.057060   0.99764078   0.04851449   1.2939   0.7465  1+[ 2, 2, 0]
  43    7.159022  -36.630339   0.99917192   0.02876443   1.2606   0.9102  1-[ 1, 0, 1]
  44   11.698269  -41.173495   0.99938791   0.02473293   1.3085   0.9032  1-[ 1, 1, 0]
  45   23.754484  -53.244321   0.99976861   0.01520990   1.1698   0.9910  1+[ 0, 0, 0]
  46   53.401721   53.399530   0.00000000   0.00000000   0.5466   0.6571  3+[ 8, 0, 2]
  47   56.259952   56.257590   0.00000000   0.00000000   0.5792   0.6892  3+[ 8, 0, 2]
  48   54.211805   54.209468   0.00000000   0.00000000   0.5677   0.5994  3+[ 8, 3, 1]
  49   54.673630   54.671073   0.00000000   0.00000001   0.5959   0.5591  3+[ 8, 7, 1]
  50   33.242384   33.241814   0.00000495   0.00222455   0.2338   0.5677  3+[ 8, 1, 1]
  51   36.608271   36.607225   0.00000887   0.00297838   0.3277   0.5320  3+[ 8, 7, 1]
  52   40.805043   40.802512   0.00000949   0.00308112   0.5303   0.6940  3+[ 6, 0, 2]
  53   44.471137   44.469076   0.00001104   0.00332294   0.4941   0.5421  3+[ 6, 0, 2]
  54   32.345621   32.344513   0.00001176   0.00342865   0.3230   0.8542  3-[ 7, 0, 1]
  55   34.249075   34.247680   0.00001423   0.00377179   0.3697   0.7959  3-[ 7, 1, 2]
  56   32.898504   32.894705   0.00001644   0.00405511   0.6017   0.6527  3+[ 6, 2, 2]
  57   43.863127   43.861056   0.00001738   0.00416890   0.4928   0.5802  3+[ 8, 5, 1]
  58   35.788246   35.786322   0.00001903   0.00436207   0.4409   0.7620  3-[ 7, 2, 1]
  59   29.760123   29.756043   0.00002110   0.00459344   0.6027   0.6423  3+[ 6, 3, 1]
  60   36.786624   36.784402   0.00002156   0.00464289   0.4786   0.6922  3-[ 7, 3, 2]
  61   42.947638   42.944324   0.00002872   0.00535926   0.6185   0.7032  3-[ 7, 4, 1]
  62   40.068276   40.064983   0.00003004   0.00548092   0.6010   0.7629  3-[ 7, 6, 1]
  63   38.535335   38.527797   0.00003315   0.00575753   0.8963   0.6757  3+[ 6, 4, 2]
  64   33.834290   33.829857   0.00004562   0.00675397   0.6563   0.5627  3-[ 7, 6, 1]
  65   45.796558   45.788054   0.00006953   0.00833813   1.0148   0.5291  3+[ 6, 5, 1]
  66   33.507655   33.499613   0.00008331   0.00912726   0.8810   0.8988  3-[ 5, 0, 1]
  67   32.486136   32.475505   0.00011252   0.01060699   1.0021   0.7892  3-[ 5, 1, 2]
  68   32.451188   32.436825   0.00015208   0.01233121   1.1644   0.5117  3+[ 6, 3, 1]
  69   27.488330   27.474260   0.00016654   0.01290396   1.0902   0.6752  3-[ 5, 2, 1]
  70   28.461772   28.446827   0.00017292   0.01314864   1.1365   0.7008  3-[ 5, 4, 1]
  71   13.144258   13.128891   0.00026935   0.01640974   0.9258   0.9345  3+[ 4, 0, 2]
  72   15.421331   15.397266   0.00039875   0.01996468   1.2049   0.5939  3-[ 5, 4, 1]
  73    9.121184    9.098267   0.00047317   0.02174738   1.0458   0.8268  3+[ 4, 1, 1]
  74   10.044931   10.018420   0.00052739   0.02295882   1.1464   0.6680  3+[ 4, 2, 2]
  75   -1.479688   -1.533661   0.00203300   0.04504292   1.1958   0.7241  3+[ 4, 3, 1]
  76   -5.245378   -5.308926   0.00334166   0.05771043   1.0975   0.7200  3-[ 3, 0, 1]
  77   -7.140890   -7.212161   0.00468090   0.06825681   1.0393   0.6228  3-[ 3, 0, 1]
  78  -13.481982  -15.234998   0.68917502   0.46283130   1.1773   0.8270  3-[ 3, 2, 1]
  79   -9.831769  -19.530414   0.98521972   0.12067237   1.1876   0.9245  3+[ 2, 0, 2]
  80   -1.981019  -27.461831   0.99745401   0.05039350   1.2846   0.9203  3+[ 2, 1, 1]
  81   10.074644  -39.550399   0.99935852   0.02531928   1.2573   0.9851  3-[ 1, 0, 1]
  82   54.096089   54.093694   0.00000000   0.00000000   0.5744   0.7102  5+[ 8, 1, 3]
  83   53.257645   53.255566   0.00000000   0.00000000   0.5318   0.5898  5+[ 8, 5, 3]
  84   52.453280   52.451235   0.00000000   0.00000001   0.5242   0.8455  5+[ 8, 0, 2]
  85   32.985283   32.984710   0.00000471   0.00216995   0.2338   0.5982  5+[ 8, 2, 2]
  86   36.573094   36.572003   0.00000822   0.00286650   0.3347   0.5229  5+[ 8, 6, 2]
  87   48.876538   48.874635   0.00000987   0.00314151   0.4920   0.5361  5+[ 8, 5, 3]
  88   32.314136   32.313181   0.00001014   0.00318455   0.2998   0.8934  5-[ 7, 0, 3]
  89   35.912116   35.909316   0.00001183   0.00343941   0.5326   0.6111  5+[ 6, 0, 2]
  90   33.138041   33.134659   0.00001414   0.00376014   0.5691   0.5320  5+[ 6, 1, 3]
  91   35.817031   35.815418   0.00001595   0.00399354   0.4039   0.6324  5-[ 7, 1, 2]
  92   44.234167   44.232170   0.00001693   0.00411399   0.4854   0.6055  5+[ 8, 6, 2]
  93   34.206325   34.204564   0.00001798   0.00424059   0.4152   0.6566  5-[ 7, 1, 2]
  94   37.074461   37.071785   0.00002582   0.00508122   0.5267   0.8481  5-[ 7, 3, 2]
  95   44.189950   44.186629   0.00002816   0.00530692   0.6256   0.7395  5-[ 7, 4, 3]
  96   39.217714   39.210394   0.00003097   0.00556472   0.8889   0.7723  5+[ 6, 3, 3]
  97   33.885551   33.881257   0.00004415   0.00664416   0.6463   0.7220  5-[ 7, 5, 2]
  98   46.557500   46.549153   0.00006762   0.00822281   1.0117   0.5959  5+[ 6, 2, 2]
  99   36.993750   36.984649   0.00008794   0.00937718   0.9705   0.8804  5-[ 5, 0, 3]
 100   32.701713   32.687582   0.00014883   0.01219880   1.1580   0.6260  5+[ 6, 4, 2]
 101   27.636190   27.623109   0.00015430   0.01242062   1.0530   0.8242  5-[ 5, 1, 2]
 102   31.497988   31.482986   0.00016218   0.01273381   1.1779   0.7119  5-[ 5, 2, 3]
 103    9.853118    9.835367   0.00035442   0.01882282   0.9345   0.9407  5+[ 4, 0, 2]
 104   15.911240   15.887601   0.00038544   0.01962881   1.2038   0.7634  5-[ 5, 3, 2]
 105   12.973046   12.947696   0.00044309   0.02104506   1.1854   0.8888  5+[ 4, 1, 3]
 106   -0.930279   -0.981585   0.00185573   0.04303815   1.1899   0.8814  5+[ 4, 2, 2]
 107   -2.537539   -2.592451   0.00224749   0.04735437   1.1570   0.9536  5-[ 3, 0, 3]
 108  -13.587448  -14.586768   0.42839395   0.49484601   1.1543   0.9397  5-[ 3, 1, 2]
 109   -3.328364  -26.116269   0.99723503   0.05251021   1.1979   0.9826  5+[ 2, 0, 2]
 110   52.121896   52.120123   0.00000000   0.00000000   0.4871   0.5639  7+[ 8, 0, 4]
 111   54.673542   54.671383   0.00000000   0.00000000   0.5475   0.7765  7+[ 8, 0, 4]
 112   32.046486   32.046039   0.00000449   0.00211840   0.2044   0.7993  7+[ 8, 1, 3]
 113   36.269197   36.268146   0.00000760   0.00275748   0.3275   0.6109  7+[ 8, 3, 3]
 114   36.594293   36.591680   0.00000792   0.00281350   0.5180   0.8231  7+[ 6, 0, 4]
 115   52.079449   52.077770   0.00001023   0.00319891   0.4737   0.6452  7+[ 8, 4, 4]
 116   34.859223   34.857970   0.00001263   0.00355414   0.3527   0.6531  7-[ 7, 1, 4]
 117   33.442757   33.441414   0.00001393   0.00373242   0.3598   0.7009  7-[ 7, 0, 3]
 118   44.490017   44.488096   0.00001621   0.00402636   0.4772   0.7464  7+[ 8, 5, 3]
 119   34.293983   34.291917   0.00002107   0.00458987   0.4502   0.8824  7-[ 7, 2, 3]
 120   45.348787   45.345657   0.00002603   0.00510220   0.6133   0.8753  7-[ 7, 3, 4]
 121   40.033951   40.027073   0.00002748   0.00524187   0.8682   0.8387  7+[ 6, 2, 4]
 122   34.020573   34.016496   0.00004180   0.00646484   0.6306   0.8384  7-[ 7, 4, 3]
 123   47.878519   47.870635   0.00006289   0.00793005   0.9937   0.7612  7+[ 6, 1, 3]
 124   29.293957   29.282943   0.00012503   0.01118077   0.9850   0.9152  7-[ 5, 0, 3]
 125   33.076293   33.062608   0.00014297   0.01195616   1.1441   0.7402  7+[ 6, 3, 3]
 126   34.995332   34.981076   0.00014328   0.01196910   1.1909   0.8691  7-[ 5, 1, 4]
 127   15.429169   15.408850   0.00031864   0.01784762   1.1073   0.9546  7+[ 4, 0, 4]
 128   16.670440   16.647752   0.00036099   0.01899622   1.1939   0.8717  7-[ 5, 2, 3]
 129    0.034387   -0.011676   0.00155740   0.03943311   1.1663   0.9626  7+[ 4, 1, 3]
 130  -12.925716  -13.276999   0.09607948   0.29470022   1.0775   0.9880  7-[ 3, 0, 3]
 131   52.483505   52.481785   0.00000000   0.00000000   0.4809   0.8424  9+[ 8, 1, 5]
 132   30.197443   30.197149   0.00000325   0.00180234   0.1627   0.8092  9+[ 8, 0, 4]
 133   36.120548   36.119892   0.00000635   0.00251912   0.2584   0.7781  9+[ 8, 2, 4]
 134   53.957365   53.955857   0.00000940   0.00306546   0.4552   0.8082  9+[ 8, 3, 5]
 135   35.414841   35.413890   0.00000948   0.00307898   0.3089   0.9026  9-[ 7, 0, 5]
 136   44.813175   44.811362   0.00001521   0.00389952   0.4648   0.8552  9+[ 8, 4, 4]
 137   32.871041   32.869470   0.00001649   0.00406032   0.3867   0.9150  9-[ 7, 1, 4]
 138   41.082297   41.076155   0.00002251   0.00474427   0.8282   0.8822  9+[ 6, 1, 5]
 139   45.681541   45.678736   0.00002321   0.00481748   0.5823   0.9371  9-[ 7, 2, 5]
 140   34.264252   34.260478   0.00003849   0.00620403   0.6082   0.9195  9-[ 7, 3, 4]
 141   49.575585   49.568947   0.00005158   0.00718188   0.9241   0.7968  9+[ 6, 0, 4]
 142   37.481345   37.469599   0.00011244   0.01060318   1.1077   0.8937  9-[ 5, 0, 5]
 143   33.639775   33.626851   0.00013344   0.01155075   1.1184   0.8116  9+[ 6, 2, 4]
 144   17.800607   17.779787   0.00031977   0.01787932   1.1641   0.9244  9-[ 5, 1, 4]
 145    1.830941    1.794800   0.00108955   0.03299027   1.0943   0.9857  9+[ 4, 0, 4]
 146   51.994229   51.992937   0.00000000   0.00000000   0.4153   0.9387 11+[ 8, 0, 6]
 147   36.152292   36.151777   0.00000500   0.00223622   0.2291   0.8280 11+[ 8, 1, 5]
 148   54.172231   54.170820   0.00000866   0.00294255   0.4409   0.8949 11+[ 8, 2, 6]
 149   32.383842   32.382716   0.00001194   0.00345564   0.3258   0.9228 11-[ 7, 0, 5]
 150   45.211129   45.209461   0.00001388   0.00372531   0.4473   0.9294 11+[ 8, 3, 5]
 151   42.637729   42.632784   0.00001609   0.00401096   0.7534   0.9094 11+[ 6, 0, 6]
 152   45.977494   45.975122   0.00001953   0.00441931   0.5368   0.9716 11-[ 7, 1, 6]
 153   34.647839   34.644471   0.00003409   0.00583824   0.5768   0.9677 11-[ 7, 2, 5]
 154   34.496377   34.484680   0.00011864   0.01089135   1.0733   0.8451 11+[ 6, 1, 5]
 155   19.640295   19.623131   0.00024953   0.01579445   1.0865   0.9272 11-[ 5, 0, 5]
 156   36.117367   36.116998   0.00000362   0.00190370   0.1937   0.8431 13+[ 8, 0, 6]
 157   55.212489   55.211397   0.00000781   0.00279416   0.3910   0.9816 13+[ 8, 1, 7]
 158   45.759354   45.757879   0.00001219   0.00349124   0.4225   0.9764 13+[ 8, 2, 6]
 159   46.701151   46.699328   0.00001484   0.00385192   0.4734   0.9912 13-[ 7, 0, 7]
 160   35.260321   35.257476   0.00002844   0.00533295   0.5334   0.9912 13-[ 7, 1, 6]
 161   35.913920   35.904324   0.00009470   0.00973091   0.9861   0.8466 13+[ 6, 0, 6]
 162   55.892621   55.891781   0.00000595   0.00243925   0.3446   0.9945 15+[ 8, 0, 8]
 163   46.453700   46.452462   0.00001011   0.00318014   0.3893   0.9945 15+[ 8, 1, 7]
 164   36.337356   36.335173   0.00002137   0.00462268   0.4724   1.0000 15-[ 7, 0, 7]
 165   47.483296   47.482344   0.00000764   0.00276480   0.3441   1.0000 17+[ 8, 0, 8]
  Sum canonical e_v*V^2_k=  -688.42424558944299     

  NB! From expect (UNPROJECTED RESULTS)

  pairing: CpV0,CpV1,...        -190.000000    -190.000000       0.000000       0.000000
  forces:   SLY5                          


                             neutrons         protons         total
  Requested part.numbs.      26.000000      24.000000      50.000000
  UnPj(av) part.numbs .      26.000000      24.000000      50.000000
  b0, bz, bp ..........       1.762186       1.762186       1.762186

  lambda (ala) ........     -11.807457     -14.753804
  Lambda (alast) ......     -11.807457     -14.753804
  delta(n,p), pwi .....       0.912523       1.215263      60.000000
  pairing energy ......      -2.368012      -4.020984      -6.388996

  rms-radius ..........       3.555571       3.511981       3.534715
  charge-radius, r0 ...                      3.606970       4.420838
  deformation beta2....       0.127219       0.126514       0.126885
  dipole moment[fm] ...       0.000000      -0.000000      -0.000000
  quadrupole moment[b]        0.527540       0.472460       1.000000
  octupole moment .....      -0.000000      -0.000000      -0.000000
  hexadecapole moment .      -0.000725       0.000725       0.000000
  q5 ..................      -0.000000      -0.000000      -0.000000
  q6 ..................       0.000013      -0.000013       0.000000
  q7 ..................       0.000000       0.000000       0.000000
  q8 ..................       0.000002      -0.000002       0.000000

  <Jx^2> from rho .....       5.077332       8.213104      13.290437
  <Jx^2> from kappa ...      -3.344317      -6.866383     -10.210701
  <J^2> = 2*<Jx^2> ....       3.466030       2.693442       6.159472

  kinetic energy ......     471.845638     422.580652     894.426289
  volume energy .......                                 -1528.257524
        rho_tau .......                                   270.222504
        rho_rho .......                                 -1798.480028
  surface energy ......                                   149.005637
   rho_DELTA_rho ......                                   149.005637
   (NABLA_rho)^2 ......                                     0.000000
  spin-orbit energy ...                                   -41.307011
        rho_NABLA_J ...                                   -41.307011
        NABLA_rho_J ...                                     0.000000
  coulomb energy ......                                     0.000000
          direct ......                                     0.000000
          exchange ....                                     0.000000
          pairing .....                                     0.000000
  tensor energy .......                                     1.150990
  direct Hartree E  ...                                     0.000000
  Extra E .............                                     0.000000
  External field E ....                                     0.000000
  Entropy .............       0.000000       0.000000       0.000000

  tEnergy: ehfb (qp)...                                  -531.370615

  Calculated but not added corrections
  ====================================
  cmc-diagonal part ...       9.629503       8.624095      18.253598
  cmc-hfb .............       0.000000       0.000000       0.000000
  cranking rot corr ...       0.000000       0.000000       0.000000

  SQUJ ................       0.000000       0.000000       0.000000
  CRAN x 4 ............       0.000000       0.000000       0.000000
  Rigit Body ..........       0.000000       0.000000       0.000000


   Blocking candidates are:
   neutron eqpmin=  0.99956421384377703       pwiblo=   1.0000000000000000     
    num=   1 block=   4 state=   1    95 Eqp=   0.99956421  (1-2N)E=   0.45057130  overl=   0.83556211  7-[ 3, 0, 3]
    num=   2 block=   3 state=   1    71 Eqp=   1.10503078  (1-2N)E=  -0.67803591  overl=   0.84116334  5-[ 3, 1, 2]
    num=   3 block=   2 state=   1    40 Eqp=   1.68353866  (1-2N)E=  -1.46091232  overl=   0.79679020  3-[ 3, 2, 1]

   Blocking candidates are:
   proton  eqpmin=   1.1531260110421551       pwiblo=   1.0000000000000000     
    num=   1 block=   3 state=   1    73 Eqp=   1.15312601  (1-2N)E=   0.16562304  overl=   0.70617063  5-[ 3, 1, 2]
    num=   2 block=   2 state=   1    41 Eqp=   1.26317333  (1-2N)E=  -0.47739056  overl=   0.68600342  3-[ 3, 2, 1]
    num=   3 block=   1 state=   1     1 Eqp=   1.41160293  (1-2N)E=  -0.78421984  overl=   0.52798078  1-[ 3, 3, 0]
    num=   4 block=   4 state=   1    98 Eqp=   1.77908323  (1-2N)E=   1.43781145  overl=   0.93438989  7-[ 3, 0, 3]



 HFBTHO_SOLVER ended without errors

