Distributed parallelism with MPI     : 1 tasks/HFBTHO
Multi-threading framework with OpenMP: 4 threads/task

  ==========================================
           FORTRAN 95 CODE (KIND= 8) 
 git: parent: 3cae9cc3ec7a0c93cd724b300dc0d972f613f33e
  ==========================================
       AXIALLY DEFORMED CONFIGURATIONAL     
     HARTREE-FOCK-BOGOLIUBOV CALCULATIONS   
                     WITH                   
      SKYRME+DELTA PAIRING OR GOGNY EDFs    
                  USING THE                 
             HARMONIC-OSCILLATOR            
                    AND/OR                  
        TRANSFORMED HARMONIC-OSCILLATOR     
                    BASIS                   
                     ---                    
                v1.66  (2005)               
    Stoitsov, Dobaczewski, Nazarewicz, Ring 
                v2.00d (2012)               
        Stoitsov, Schunck, Kortelainen      
                v3.00  (2016)               
            Schunck, Navarro Perez          
  ==========================================
    Nucleus: Cr (A=  50, N= 26, Z= 24)
      No Reflection Symmetry Imposed     
            (10/12/2021,  9:46)                               
  ==========================================


  ---------------------------------------
           UNEDF Module Version: 17
         M.Kortelainen & M.Stoitsov 
  ---------------------------------------

  SIII functional
  ----------------------------------------
  Crho(0)=   -423.281250000000000    ; Crho(1)=    268.078125000000000    
  CDrho(0)=   875.000000000000000    ; CDrho(1)=  -874.999999999999886    
  Ctau(0)=    44.3750000000000000    ; Ctau(1)=   -30.6250000000000000    
  CrDr(0)=   -62.9687500000000000    ; CrDr(1)=    17.0312500000000000    
  CrdJ(0)=   -90.0000000000000000    ; CrdJ(1)=   -30.0000000000000000    
  CJ(0)=      30.6250000000000000    ; CJ(1)=      30.6250000000000000    
  CpV0(0)=   -190.000000000000000    ; CpV0(1)=   -190.000000000000000    
  CpV1(0)=    0.00000000000000000    ; CpV1(1)=    0.00000000000000000    
  sigma=      1.00000000000000000    ; hbzero=     20.7353300000000011    
  functional has DME couplings: F
  use 3-Nucleon DME couplings: F
  e^2 chrg=   1.43997840859651349    ; CExPar=     1.00000000000000000    
  c.m. correction: T, chr. density in direct Coul: F
  use tensor terms: F

  Coupling constants in natural units
  ----------------------------------------
  Crho_nu(0)=  -0.476665447991987401    ; Crho_nu(1)=   0.301888117061592021    
  CDrho_nu(0)=  0.776739472430301614    ; CDrho_nu(1)= -0.776739472430301503    
  Ctau_nu(0)=   0.629020670114775915    ; Ctau_nu(1)=  -0.434112856839774963    
  CrDr_nu(0)=  -0.892589190338925031    ; CrDr_nu(1)=   0.241419905079262614    
  CrdJ_nu(0)=   -1.27576023234546110    ; CrdJ_nu(1)=  -0.425253410781820385    
  CJ_nu(0)=     0.434112856839774963    ; CJ_nu(1)=     0.434112856839774963    
  CpV0_nu(0)=  -0.213962785071338729    ; CpV0_nu(1)=  -0.213962785071338729    
  CpV1_nu(0)=    0.00000000000000000    ; CpV1_nu(1)=    0.00000000000000000    
  fpi_nu=        93.0000000000000000    ; Lambda_nu=     700.000000000000000    

  Nuclear matter properties
  ----------------------------------------
  E_NM=      -15.8515313856059432    ; K_NM=        355.353541984833555    
  P_NM=     -0.399851657369765451E-15; RHO_NM=     0.145268008315151714    
  ASS_NM=     28.1618942362676563    ; LASS_NM=     9.91054434872836687    
  SMASS_NM=   1.31088330250759721    ; VMASS_NM=    1.52543656761847424    

  Associated (t,x)-coupling constants
  ----------------------------------------
  t0=      -1128.75000000000000    ; x0=       0.449999999999999956    
  t1=       395.000000000000000    ; x1=        0.00000000000000000    
  t2=      -95.0000000000000000    ; x2=        0.00000000000000000    
  t3=       14000.0000000000000    ; x3=       0.999999999999999778    
  b4=       60.0000000000000000    ; b4p=       60.0000000000000000    
  te=       0.00000000000000000    ; to=        0.00000000000000000    
  sigma=    1.00000000000000000    ; hbzero=    20.7353300000000011    

  ---------------------------------------
        Characteristics of the run       
  ---------------------------------------
  Output file ................:    57
  Nucleus ....................:   Cr  50
  Number of HO shells ........:     8
  HO length b0 (fm) ..........:     1.76218580000000
  Basis deformation ..........:  beta0=   0.000 q=   1.000
  HO: b0,1/b0,bp,bz,q ........:   0.17621858E+01  0.56747705E+00  0.17621858E+01  0.17621858E+01  0.10000000E+01
  h**2/(2m_n), cmc, e**2 .....:   0.20735330E+02  0.20320623E+02  0.14399784E+01
  h**2/(2m_p), cmc, e**2 .....:   0.20735330E+02  0.20320623E+02  0.14399784E+01
  hom=f*41.0_pr*A^{-1/3}, f...:   0.13355371E+02  0.12000392E+01
  THO basis is ...............:  OFF
  Maximal number of iterations:   100
  Initial mixing parameter ...:  0.300
  Initial wave functions from :  tape
  Energy functional ..........:    SIII                          
    direct Coulomb by substitution method, exchange Coulomb with Slater approximation
  Pairing cutoff energy ......:    60.00 MeV
  Lipkin-Nogami procedure is .:  OFF
  PAV procedure is ...........:   ON
    Number of gauge points....:    15   15
  Constraint calculation is ..:   ON
    Constraint 1 .............: lambda=1 Ql=   0.000
    Constraint 2 .............: lambda=2 Ql=   1.000
    Constraint 3 .............: lambda=3 Ql=   0.000
  Temperature T ..............:   0.00 MeV
  Pairing regularization is ..:  OFF
  Collective inertia is ......:  OFF
  Fission fragments are ......:  OFF
  Restart indicator ..........:  -1
  Broyden mixing (#iterations):   7

  ---------------------------------------
        Harmonic Oscillator Basis        
  ---------------------------------------
  NUV, NQP:                        4917     165
  Comparison with bookkeeping spherical basis:
  n00:                                8       8  Maximal number of shells
  nbx, 2*n00+1:                       9      17  Maximal number of K-blocks
  ntx, (n00+1)*(n00+2)*(n00+3)/6    165     165  Max.num. p/n levels
  nzx, n00:                           8       8  Maximal nz-quantum number
  nrx, n00/2  :                       4       4  Maximal nr-quantum number
  nlx, n00:                           8       8  Maximal ml-quantum number
  ndx, (n00+2)*(n00+2)/4:            45      25  Maximal dim. of one k-block

  Actual basis used
  Number of blocks: nb .......:    9
  Number of levels: nt .......:  165
  Maximal 2*omega : nom ......:   17
  Maximal nz:       nzm ......:    8
  Maximal nr:       nrm ......:    4
  Maximal ml:       nlm ......:    8
  Maximal N=nz+2*nr+nl .......:    8
  2 x biggest block dim. .....:   90
  Non-zero elements of h .....:     2541
  Number of Broyden elements .:    10164

  ---------------------------------------
            Integration Meshes           
  ---------------------------------------
  Number of Gauss-Hermite mesh points ngh ....:  80
  Number of Gauss-Laguerre mesh points ngl ...:  40
  Number of Gauss-Legendre mesh points nleg ..:  80
  Integration boundaries
    Hermite  - from xh(1)  =-11.88786356 to xh(ngh)   = 11.88786356
    Laguerre - From xl(1)  =  0.03570039 to xl(ngl)   =142.28004447
    Legendre - From xleg(1)=  0.00978669 to xleg(nleg)=  0.99988775
  Max.dev.in:     Orthogonality            Normalization
  Hermite     6.8067426511760289E-016   6.3282712403633923E-015
  Laguerre    3.9269815531613043E-015   7.9936057773011271E-015

  Reading from wel_file: hfbtho_output.hel


  ### REGULAR STAGE (no reflection symmetry imposed)
  |HFB+HO> iterations(b0=  1.762, Nsh=  8, inin= -1, N= 26, Z= 24)...
  ----------------------------------------------------------------------------------------------------------------------------------
  i          si     mix   beta      Etot       A       rn      rp         En      Dn      Ep      Dp        Ln      Lp     time  time(Gog.)
  ----------------------------------------------------------------------------------------------------------------------------------
   0N   0.00000000 0.24  0.123  -430.567329   50.0   3.590   3.595 |   -3.306   1.090  -3.934   1.177 |  -12.231  -6.903   0.000   0.000
   1B   0.00000000 0.20  0.123  -430.567329   50.0   3.590   3.595 |   -3.306   1.090  -3.934   1.177 |  -12.231  -6.903  23.309   0.000
   2B   0.00000000 0.22  0.123  -430.567329   50.0   3.590   3.595 |   -3.306   1.090  -3.934   1.177 |  -12.231  -6.903   0.228   0.000
   2N   0.00000000 0.22  0.123  -430.567329   50.0   3.590   3.595 |   -3.306   1.090  -3.934   1.177 |  -12.231  -6.903   0.241   0.000
  ----------------------------------------------------------------------------------------------------------------------------------
  *   iteration converged   after   2 steps   si=     0.0000000003 ho=  0 tho=  0
  ----------------------------------------------------------------------------------------------------------------------------------
  Total CPU time=   0.396 minutes


 #quasiparticle energies neutrons
 --------------------------------
  eqp(k) -> q.p. energy 
  e(k)   -> referent s.p. energy 
  p(k)   -> occ.probability 
  del(k) -> referent s.p. gap 
  fermi energy alast=  -12.230541593114420     
  #k  block#    eqp(k)     e(k)       (1-2N)E      decay        p(k)        del(k)    overl      labels
   1    1     2.169328  -14.165921   -1.935380    1.683607    0.94607808   0.9799   0.5853  1-[ 3, 3, 0]
   2    1     3.936519   -8.378864    3.851678    1.783927    0.01077617   0.8129   0.6243  1-[ 3, 3, 0]
   3    1     6.154783   -6.141705    6.088837    1.902379    0.00535736   0.8986   0.7480  1-[ 3, 2, 1]
   4    1     6.569907  -18.717937   -6.487395    1.923737    0.99372049   1.0380   0.8860  1+[ 2, 0, 0]
   5    1     7.680151   -4.594755    7.635786    1.979724    0.00288829   0.8243   0.8593  1-[ 3, 0, 1]
   6    1     8.236607  -20.389226   -8.158684    2.007198    0.99526974   1.1303   0.7671  1+[ 2, 1, 1]
   7    1     9.656325   -2.626196    9.604345    2.075646    0.00269148   1.0006   0.5432  1+[ 4, 2, 0]
   8    1    13.353959  -25.348062  -13.117520    2.244140    0.99114724   2.5018   0.7367  1+[ 2, 2, 0]
   9    1    15.589711    3.149438   15.379980    2.340141    0.00672658   2.5486   0.6368  1+[ 4, 4, 0]
  10    1    17.504032    5.237277   17.467818    2.419315    0.00103443   1.1254   0.6277  1+[ 4, 3, 1]
  11    1    18.930802    6.671806   18.902348    2.476678    0.00075154   1.0376   0.6770  1+[ 4, 0, 0]
  12    1    19.747432    7.502864   19.733406    2.508921    0.00035514   0.7442   0.6002  1+[ 4, 1, 1]
  13    1    21.292160  -33.033919  -20.803378    2.568804    0.98852200   4.5360   0.9300  1-[ 1, 0, 1]
  14    1    21.329367    8.647158   20.877699    2.570229    0.01058793   4.3662   0.5670  1-[ 5, 3, 0]
  15    1    24.739450  -36.809679  -24.579138    2.697653    0.99675998   2.8118   0.9212  1-[ 1, 1, 0]
  16    1    26.691023   14.403298   26.633840    2.767940    0.00107120   1.7462   0.5954  1-[ 5, 5, 0]
  17    1    27.913536   15.567243   27.797785    2.811074    0.00207338   2.5394   0.6033  1-[ 5, 1, 0]
  18    1    29.118879   16.859059   29.089601    2.852963    0.00050274   1.3055   0.4615  1-[ 5, 0, 1]
  19    1    29.900385   17.650631   29.881173    2.879798    0.00032127   1.0717   0.5209  1-[ 5, 0, 1]
  20    1    31.739414   19.503188   31.733730    2.941979    0.00008955   0.6007   0.5790  1-[ 5, 2, 1]
  21    1    32.805929   20.568554   32.799095    2.977444    0.00010415   0.6696   0.5555  1+[ 6, 4, 0]
  22    1    34.909368  -47.033711  -34.803170    3.046182    0.99847894   2.7209   0.9704  1+[ 0, 0, 0]
  23    1    35.030382   22.775149   35.005691    3.050090    0.00035243   1.3150   0.5080  1+[ 6, 6, 0]
  24    1    35.433781   23.191057   35.421599    3.063079    0.00017190   0.9291   0.4954  1+[ 6, 1, 1]
  25    1    37.273724   25.028234   37.258776    3.121640    0.00020052   1.0555   0.4076  1+[ 6, 1, 1]
  26    1    38.179035   25.880627   38.111168    3.150054    0.00088879   2.2754   0.5638  1+[ 6, 0, 0]
  27    1    39.750633   27.511117   39.741659    3.198781    0.00011289   0.8446   0.4386  1+[ 6, 5, 1]
  28    1    41.619481   29.386862   41.617404    3.255775    0.00002496   0.4159   0.5207  1+[ 6, 3, 1]
  29    1    46.048128   33.814013   46.044554    3.387009    0.00003881   0.5737   0.5126  1-[ 7, 4, 1]
  30    1    52.539686   40.300820   52.531362    3.570666    0.00007922   0.9352   0.4746  1-[ 7, 2, 1]
  31    1    57.348230   45.116021   57.346563    3.700836    0.00001453   0.4373   0.5096  1+[ 8, 4, 0]
  32    1    57.428572   45.190734   57.421275    3.702972    0.00006353   0.9154   0.5021  1-[ 7, 7, 0]
  33    1    58.336501   46.103431   58.333973    3.727026    0.00002167   0.5431   0.5041  1-[ 7, 4, 1]
  34    1    59.633271   47.395820   59.626361    3.761115    0.00005793   0.9078   0.4747  1-[ 7, 4, 1]
  35    1    60.413538   48.176571   60.407113    3.781478    0.00005318   0.8811   0.4804  1+[ 8, 2, 0]
  36    1    61.456749   49.217718   61.448260    3.808533    0.00006907   1.0214   0.5938  1-[ 7, 6, 1]
  37    1    62.633214   50.395270   62.625811    3.838816    0.00005910   0.9630   0.4030  1-[ 7, 3, 0]
  38    1    64.728552   52.490348   64.720889    3.892167    0.00005919   0.9960   0.6232  1-[ 7, 0, 1]
  39    1    68.014655   55.782849   68.013391    3.974395    0.00000929   0.4147   0.4917  1+[ 8, 4, 0]
  40    1    69.297124   57.060074   69.290615    4.006028    0.00004696   0.9497   0.3943  1+[ 8, 8, 0]
  41    2     1.772384  -13.695268   -1.464726    1.660240    0.91320780   0.9980   0.7806  3-[ 3, 2, 1]
  42    2     5.700773   -6.586157    5.644384    1.878744    0.00494572   0.7998   0.8246  3-[ 3, 0, 1]
  43    2     6.197010  -18.313521   -6.082980    1.904563    0.99079958   1.1833   0.9246  3+[ 2, 0, 2]
  44    2     7.438764   -4.855926    7.374615    1.967687    0.00431175   0.9748   0.8243  3-[ 3, 1, 2]
  45    2    10.004790   -2.282294    9.948248    2.092104    0.00282579   1.0622   0.7088  3+[ 4, 3, 1]
  46    2    12.633692  -24.717214  -12.486672    2.212325    0.99418146   1.9218   0.9141  3+[ 2, 1, 1]
  47    2    16.600141    4.262113   16.492655    2.382259    0.00323752   1.8860   0.7239  3+[ 4, 1, 1]
  48    2    18.971391    6.716827   18.947369    2.478291    0.00063312   0.9544   0.6335  3+[ 4, 0, 2]
  49    2    20.088671    7.843820   20.074361    2.522272    0.00035616   0.7581   0.5606  3+[ 4, 0, 2]
  50    2    21.586361    9.341580   21.572122    2.580052    0.00032982   0.7839   0.6075  3-[ 5, 4, 1]
  51    2    23.383442  -35.522879  -23.292338    2.647718    0.99805195   2.0621   0.9751  3-[ 1, 0, 1]
  52    2    27.127952   14.875371   27.105912    2.783433    0.00040622   1.0933   0.6023  3-[ 5, 2, 1]
  53    2    28.173628   15.870508   28.101049    2.820165    0.00128806   2.0210   0.7961  3-[ 5, 0, 1]
  54    2    30.385160   18.141813   30.372355    2.896318    0.00021072   0.8821   0.5649  3-[ 5, 3, 2]
  55    2    31.940918   19.704712   31.935253    2.948712    0.00008867   0.6015   0.5681  3-[ 5, 1, 2]
  56    2    33.002247   20.765117   32.995659    2.983927    0.00009981   0.6594   0.5687  3+[ 6, 5, 1]
  57    2    35.221020   22.983373   35.213914    3.056235    0.00010088   0.7075   0.4873  3+[ 6, 3, 1]
  58    2    35.633678   23.394912   35.625454    3.069495    0.00011540   0.7655   0.6538  3+[ 6, 1, 1]
  59    2    37.984654   25.745557   37.976098    3.143975    0.00011262   0.8062   0.6148  3+[ 6, 0, 2]
  60    2    39.924607   27.684990   39.915531    3.204130    0.00011366   0.8512   0.4467  3+[ 6, 4, 2]
  61    2    41.736379   29.503768   41.734310    3.259307    0.00002479   0.4156   0.5031  3+[ 6, 2, 2]
  62    2    46.161057   33.926983   46.157524    3.390289    0.00003827   0.5711   0.5932  3-[ 7, 4, 1]
  63    2    52.529440   40.290471   52.521012    3.570383    0.00008022   0.9409   0.5878  3-[ 7, 2, 1]
  64    2    57.432117   45.199928   57.430469    3.703066    0.00001435   0.4350   0.5538  3+[ 8, 5, 1]
  65    2    57.618289   45.380289   57.610831    3.708011    0.00006472   0.9270   0.4745  3-[ 7, 6, 1]
  66    2    58.419707   46.186642   58.417184    3.729223    0.00002159   0.5429   0.5886  3-[ 7, 3, 2]
  67    2    60.149784   47.911987   60.142528    3.774607    0.00006032   0.9343   0.6934  3-[ 7, 1, 2]
  68    2    60.382627   48.145604   60.376145    3.780674    0.00005367   0.8847   0.4733  3+[ 8, 3, 1]
  69    2    61.592090   49.352876   61.583417    3.812029    0.00007040   1.0336   0.6394  3-[ 7, 5, 2]
  70    2    62.820522   50.581569   62.812111    3.843615    0.00006694   1.0279   0.7184  3-[ 7, 0, 1]
  71    2    68.060857   55.829049   68.059591    3.975539    0.00000930   0.4151   0.5808  3+[ 8, 4, 2]
  72    2    69.397620   57.160460   69.391002    4.008496    0.00004768   0.9584   0.4967  3+[ 8, 1, 1]
  73    3     1.223801  -12.883101   -0.652559    1.627394    0.76661173   1.0353   0.8162  5-[ 3, 1, 2]
  74    3     8.704387   -3.584358    8.646184    2.030006    0.00334334   1.0049   0.9239  5-[ 3, 0, 3]
  75    3    10.636012   -1.681353   10.549189    2.121592    0.00408158   1.3562   0.8562  5+[ 4, 2, 2]
  76    3    11.568211  -23.647622  -11.417080    2.164405    0.99346786   1.8638   0.9744  5+[ 2, 0, 2]
  77    3    17.683956    5.385797   17.616339    2.426623    0.00191184   1.5450   0.8493  5+[ 4, 0, 2]
  78    3    20.669145    8.424358   20.654899    2.544822    0.00034461   0.7673   0.8474  5+[ 4, 1, 3]
  79    3    22.074801    9.831086   22.061628    2.598618    0.00029839   0.7625   0.7729  5-[ 5, 3, 2]
  80    3    27.679895   15.434941   27.665482    2.802881    0.00026034   0.8931   0.7712  5-[ 5, 1, 2]
  81    3    31.203476   18.960012   31.190553    2.923994    0.00020707   0.8979   0.7303  5-[ 5, 0, 3]
  82    3    32.319131   20.082885   32.313427    2.961309    0.00008825   0.6072   0.7149  5-[ 5, 2, 3]
  83    3    33.380919   21.144041   33.374583    2.996391    0.00009492   0.6504   0.7336  5+[ 6, 4, 2]
  84    3    35.353032   23.115388   35.345930    3.060483    0.00010045   0.7086   0.6705  5+[ 6, 2, 2]
  85    3    35.980035   23.740910   35.971452    3.080581    0.00011928   0.7859   0.7110  5+[ 6, 0, 2]
  86    3    40.193727   27.953681   40.184222    3.212386    0.00011824   0.8741   0.6163  5+[ 6, 1, 3]
  87    3    41.960889   29.728305   41.958847    3.266080    0.00002433   0.4140   0.6613  5+[ 6, 3, 3]
  88    3    46.385478   34.151482   46.382024    3.396797    0.00003723   0.5660   0.5860  5-[ 7, 3, 2]
  89    3    52.502331   40.263145   52.493687    3.569636    0.00008232   0.9527   0.5689  5-[ 7, 1, 2]
  90    3    57.598741   45.366589   57.597130    3.707492    0.00001398   0.4307   0.6031  5+[ 8, 4, 2]
  91    3    57.940167   45.701812   57.932354    3.716545    0.00006742   0.9515   0.6425  5-[ 7, 1, 2]
  92    3    58.573527   46.340456   58.570997    3.733280    0.00002159   0.5443   0.5821  5-[ 7, 2, 3]
  93    3    60.322387   48.085251   60.315792    3.779105    0.00005466   0.8919   0.5862  5+[ 8, 2, 2]
  94    3    60.906472   48.668304   60.898846    3.794286    0.00006261   0.9638   0.8439  5-[ 7, 0, 3]
  95    3    61.806667   49.567143   61.797684    3.817566    0.00007267   1.0537   0.5731  5-[ 7, 2, 3]
  96    3    68.149706   55.917899   68.148440    3.977738    0.00000928   0.4152   0.6131  5+[ 8, 3, 3]
  97    3    69.575944   57.338510   69.569052    4.012872    0.00004953   0.9793   0.5001  5+[ 8, 4, 2]
  98    4     1.113510  -11.893162    0.337380    1.620710    0.34850612   1.0612   0.7920  7-[ 3, 0, 3]
  99    4    11.480564   -0.786197   11.444345    2.160416    0.00157740   0.9112   0.9442  7+[ 4, 1, 3]
 100    4    21.588568    9.344670   21.575212    2.580136    0.00030933   0.7593   0.8939  7+[ 4, 0, 4]
 101    4    22.753680   10.510514   22.741055    2.624204    0.00027742   0.7579   0.8842  7-[ 5, 2, 3]
 102    4    28.143001   15.897887   28.128429    2.819096    0.00025890   0.9055   0.8663  7-[ 5, 0, 3]
 103    4    32.862462   20.626398   32.856939    2.979313    0.00008403   0.6024   0.8631  7-[ 5, 1, 4]
 104    4    33.920331   21.683790   33.914332    3.014057    0.00008843   0.6379   0.8460  7+[ 6, 3, 3]
 105    4    35.450363   23.212415   35.442956    3.063612    0.00010446   0.7246   0.8126  7+[ 6, 1, 3]
 106    4    40.470540   28.230227   40.460769    3.220856    0.00012072   0.8893   0.7139  7+[ 6, 0, 4]
 107    4    42.270673   30.038160   42.268701    3.275402    0.00002332   0.4083   0.7769  7+[ 6, 2, 4]
 108    4    46.718168   34.484284   46.714825    3.406423    0.00003577   0.5588   0.7052  7-[ 7, 4, 3]
 109    4    52.450179   40.210667   52.441209    3.568198    0.00008551   0.9700   0.6662  7-[ 7, 2, 3]
 110    4    57.845687   45.613587   57.844129    3.714042    0.00001347   0.4246   0.5940  7+[ 8, 5, 3]
 111    4    58.268139   46.029450   58.259992    3.725220    0.00006992   0.9744   0.8245  7-[ 7, 0, 3]
 112    4    58.785844   46.552775   58.783317    3.738873    0.00002150   0.5451   0.7361  7-[ 7, 3, 4]
 113    4    60.237135   47.999835   60.230376    3.776884    0.00005610   0.9023   0.5569  7+[ 8, 5, 3]
 114    4    62.040056   49.800089   62.030631    3.823578    0.00007596   1.0814   0.7304  7-[ 7, 1, 4]
 115    4    68.274501   56.042702   68.273243    3.980824    0.00000921   0.4144   0.6348  7+[ 8, 4, 4]
 116    4    69.781694   57.543826   69.774367    4.017916    0.00005250   1.0112   0.6648  7+[ 8, 1, 3]
 117    5    12.441309    0.176585   12.407127    2.203750    0.00137376   0.9216   0.9860  9+[ 4, 0, 4]
 118    5    23.574352   11.331490   23.562032    2.654805    0.00026130   0.7621   0.9518  9-[ 5, 1, 4]
 119    5    33.501980   21.266298   33.496840    3.000365    0.00007672   0.5869   0.8985  9-[ 5, 0, 5]
 120    5    34.591975   22.355823   34.586364    3.035910    0.00008111   0.6230   0.9113  9+[ 6, 2, 4]
 121    5    35.520645   23.282472   35.513014    3.065869    0.00010741   0.7362   0.8638  9+[ 6, 0, 4]
 122    5    42.628803   30.396412   42.626954    3.286146    0.00002169   0.3971   0.8433  9+[ 6, 1, 5]
 123    5    47.153382   34.919631   47.150173    3.418975    0.00003403   0.5502   0.8300  9-[ 7, 3, 4]
 124    5    52.368954   40.129102   52.359644    3.565957    0.00008889   0.9874   0.8750  9-[ 7, 1, 4]
 125    5    58.169063   45.937026   58.167567    3.722602    0.00001285   0.4171   0.7301  9+[ 8, 4, 4]
 126    5    59.041985   46.808953   59.039494    3.745610    0.00002110   0.5423   0.8644  9-[ 7, 2, 5]
 127    5    60.135178   47.897683   60.128225    3.774226    0.00005782   0.9145   0.6985  9+[ 8, 2, 4]
 128    5    62.361324   50.121137   62.351678    3.831839    0.00007734   1.0968   0.8523  9-[ 7, 0, 5]
 129    5    68.425773   56.193994   68.424535    3.984563    0.00000905   0.4116   0.7755  9+[ 8, 3, 5]
 130    5    69.950731   57.712455   69.942997    4.022054    0.00005528   1.0402   0.8102  9+[ 8, 0, 4]
 131    6    24.473089   12.230642   24.461184    2.687918    0.00024324   0.7633   0.9859 11-[ 5, 0, 5]
 132    6    35.372343   23.136763   35.367305    3.061104    0.00007122   0.5970   0.9500 11+[ 6, 1, 5]
 133    6    42.988753   30.756536   42.987077    3.296909    0.00001949   0.3795   0.8698 11+[ 6, 0, 6]
 134    6    47.681644   35.448036   47.678578    3.434148    0.00003215   0.5407   0.9192 11-[ 7, 2, 5]
 135    6    52.259883   40.019888   52.250430    3.562945    0.00009044   0.9940   0.9625 11-[ 7, 0, 5]
 136    6    58.563160   46.331189   58.561731    3.733007    0.00001220   0.4090   0.8402 11+[ 8, 3, 5]
 137    6    59.320280   47.087339   59.317881    3.752916    0.00002022   0.5335   0.9451 11-[ 7, 1, 6]
 138    6    60.028652   47.790993   60.021535    3.771447    0.00005929   0.9244   0.8727 11+[ 8, 1, 5]
 139    6    68.591181   56.359440   68.589982    3.988646    0.00000874   0.4056   0.8838 11+[ 8, 2, 6]
 140    7    36.154977   23.919692   36.150234    3.086165    0.00006559   0.5856   0.9771 13+[ 6, 0, 6]
 141    7    48.287916   36.054461   48.285002    3.451480    0.00003017   0.5304   0.9744 13-[ 7, 1, 6]
 142    7    59.019925   46.788020   59.018561    3.745030    0.00001155   0.4012   0.9218 13+[ 8, 2, 6]
 143    7    59.591082   47.358295   59.588837    3.760011    0.00001884   0.5173   0.9744 13-[ 7, 0, 7]
 144    7    59.930966   47.693288   59.923830    3.768897    0.00005954   0.9248   0.9500 13+[ 8, 0, 6]
 145    7    68.755620   56.523940   68.754481    3.992702    0.00000828   0.3956   0.9515 13+[ 8, 1, 7]
 146    8    48.948921   36.715654   48.946196    3.470278    0.00002784   0.5165   1.0000 15-[ 7, 0, 7]
 147    8    59.528169   47.296330   59.526871    3.758364    0.00001090   0.3930   0.9772 15+[ 8, 1, 7]
 148    8    68.902410   56.670812   68.901353    3.996319    0.00000767   0.3816   0.9772 15+[ 8, 0, 8]
 149    9    60.070369   47.838619   60.069161    3.772536    0.00001006   0.3810   1.0000 17+[ 8, 0, 8]
#all active are  149 q.p. states out of  165
#since the cut off is pwi=  60.0
#check: number of neutrons=  26.0


 #canonical s.p. energies neutrons
 ---------------------------------


  labels -> {2*omega}{parity}[nn=nz+2*nr+nl,nz,nl]
  cqpe   -> canonical q.p. energies
  ce     -> canonical s.p. energies
  fermi energy=  -12.230541593114420     
  average cdelt=   1.0901601699406578     
  k0      ceqp        ce         v*v       u*v        cdel     overl      labels
   1   52.370506   52.368686   0.00000000   0.00000000   0.4849   0.5925  1+[ 8, 3, 1]
   2   53.363884   53.361724   0.00000000   0.00000000   0.5324   0.5982  1+[ 8, 0, 0]
   3   57.388164   57.385874   0.00000000   0.00000000   0.5646   0.6486  1+[ 8, 0, 0]
   4   52.429704   52.427679   0.00000000   0.00000001   0.5117   0.6230  1+[ 8, 1, 1]
   5   53.060252   53.058061   0.00000000   0.00000002   0.5349   0.6729  1+[ 8, 8, 0]
   6   34.907102   34.906600   0.00000512   0.00226311   0.2175   0.5452  1+[ 8, 2, 0]
   7   36.166694   36.165957   0.00000728   0.00269754   0.2671   0.4651  1+[ 8, 7, 1]
   8   54.993345   54.992056   0.00000877   0.00296084   0.4164   0.4814  1+[ 8, 5, 1]
   9   32.040455   32.037235   0.00001207   0.00347478   0.5340   0.6737  1+[ 6, 1, 1]
  10   35.402430   35.401198   0.00001292   0.00359494   0.3425   0.5460  1-[ 7, 1, 0]
  11   43.933975   43.932436   0.00001363   0.00369170   0.4158   0.4944  1+[ 8, 5, 1]
  12   28.747820   28.744864   0.00001433   0.00378576   0.4921   0.7124  1+[ 6, 0, 0]
  13   34.106624   34.105229   0.00001505   0.00387894   0.3595   0.7390  1-[ 7, 0, 1]
  14   34.159106   34.157580   0.00001645   0.00405573   0.3763   0.7223  1-[ 7, 1, 0]
  15   29.563875   29.560551   0.00001656   0.00406983   0.5271   0.6751  1+[ 6, 3, 1]
  16   35.813085   35.811362   0.00001793   0.00423479   0.4069   0.5504  1-[ 7, 3, 0]
  17   27.418382   27.415263   0.00001898   0.00435700   0.4973   0.7451  1+[ 6, 6, 0]
  18   37.206280   37.204320   0.00001982   0.00445226   0.4402   0.5474  1-[ 7, 5, 0]
  19   44.554639   44.552072   0.00002260   0.00475395   0.5399   0.5656  1-[ 7, 6, 1]
  20   36.830122   36.827791   0.00002375   0.00487361   0.4782   0.7625  1-[ 7, 7, 0]
  21   37.929738   37.923719   0.00002622   0.00512014   0.7771   0.5164  1+[ 6, 5, 1]
  22   33.281365   33.278005   0.00003691   0.00607531   0.5530   0.5447  1-[ 7, 5, 0]
  23   45.717341   45.710571   0.00005840   0.00764173   0.8858   0.4891  1+[ 6, 2, 0]
  24   34.453316   34.445523   0.00008346   0.00913551   0.8530   0.8139  1-[ 5, 0, 1]
  25   29.635315   29.627076   0.00009841   0.00991945   0.8306   0.6169  1-[ 5, 1, 0]
  26   30.219413   30.210291   0.00010744   0.01036477   0.8800   0.5123  1-[ 5, 2, 1]
  27   31.532591   31.521275   0.00012929   0.01136984   0.9952   0.5203  1+[ 6, 4, 0]
  28   25.052140   25.041668   0.00014043   0.01184967   0.8836   0.5470  1-[ 5, 1, 0]
  29   30.743871   30.731055   0.00014911   0.01221032   1.0495   0.5308  1-[ 5, 4, 1]
  30   13.870344   13.857063   0.00025328   0.01591268   0.8325   0.8439  1+[ 4, 0, 0]
  31   11.276953   11.260697   0.00034171   0.01848230   0.8741   0.7543  1+[ 4, 1, 1]
  32   14.848800   14.829402   0.00035817   0.01892199   1.0248   0.5715  1-[ 5, 3, 0]
  33    8.154825    8.135902   0.00046014   0.02144597   0.8781   0.5305  1+[ 4, 2, 0]
  34   10.332553   10.310012   0.00049164   0.02216744   1.0083   0.6241  1+[ 4, 4, 0]
  35   -1.321610   -1.367287   0.00209287   0.04570004   0.9972   0.5722  1+[ 4, 2, 0]
  36   -3.596253   -3.643944   0.00276169   0.05247914   0.9062   0.9102  1-[ 3, 0, 1]
  37   -5.415314   -5.492707   0.00567798   0.07513815   1.0242   0.7402  1-[ 3, 2, 1]
  38   -7.963346   -8.049597   0.01010624   0.10002054   0.8536   0.6725  1-[ 3, 3, 0]
  39  -10.051099  -14.179385   0.94709666   0.22384051   0.9757   0.5972  1-[ 3, 3, 0]
  40   -5.442946  -18.935941   0.99393658   0.07763154   1.0531   0.8171  1+[ 2, 0, 0]
  41   -4.068560  -20.328630   0.99607854   0.06249864   1.0193   0.6908  1+[ 2, 1, 1]
  42    1.060494  -25.480228   0.99843817   0.03948910   1.0476   0.7996  1+[ 2, 2, 0]
  43    9.110483  -33.538465   0.99922447   0.02783749   1.1882   0.9635  1-[ 1, 0, 1]
  44   12.467862  -36.904590   0.99950696   0.02219913   1.0966   0.9507  1-[ 1, 1, 0]
  45   22.626193  -47.070029   0.99975161   0.01575846   1.0964   0.9749  1+[ 0, 0, 0]
  46   53.819385   53.817122   0.00000000   0.00000000   0.5467   0.7780  3+[ 8, 0, 2]
  47   52.367447   52.365412   0.00000000   0.00000000   0.5127   0.6530  3+[ 8, 6, 2]
  48   52.758017   52.755845   0.00000000   0.00000000   0.5313   0.6413  3+[ 8, 1, 1]
  49   51.145439   51.143703   0.00000000   0.00000001   0.4690   0.5358  3+[ 8, 2, 2]
  50   34.594463   34.593970   0.00000508   0.00225430   0.2148   0.5850  3+[ 8, 1, 1]
  51   36.079218   36.078505   0.00000710   0.00266391   0.2625   0.5868  3+[ 8, 7, 1]
  52   55.102109   55.100824   0.00000878   0.00296274   0.4160   0.5590  3+[ 8, 4, 2]
  53   32.129336   32.126087   0.00001173   0.00342419   0.5369   0.8251  3+[ 6, 0, 2]
  54   35.629291   35.628052   0.00001295   0.00359860   0.3445   0.7080  3-[ 7, 1, 2]
  55   44.122978   44.121447   0.00001352   0.00367660   0.4154   0.5679  3+[ 8, 5, 1]
  56   30.599018   30.595688   0.00001438   0.00379193   0.5341   0.6906  3+[ 6, 2, 2]
  57   33.432042   33.430604   0.00001574   0.00396771   0.3624   0.8223  3-[ 7, 0, 1]
  58   34.502942   34.501412   0.00001637   0.00404559   0.3781   0.5395  3-[ 7, 1, 2]
  59   28.831409   28.828061   0.00001666   0.00408181   0.5244   0.6511  3+[ 6, 3, 1]
  60   34.987378   34.985687   0.00001790   0.00423101   0.3996   0.6346  3-[ 7, 2, 1]
  61   43.847409   43.844914   0.00002224   0.00471640   0.5290   0.6610  3-[ 7, 5, 2]
  62   37.113452   37.111149   0.00002334   0.00483106   0.4768   0.7576  3-[ 7, 6, 1]
  63   38.402327   38.396250   0.00002575   0.00507430   0.7844   0.6564  3+[ 6, 4, 2]
  64   33.418040   33.414705   0.00003652   0.00604314   0.5517   0.5439  3-[ 7, 4, 1]
  65   46.204881   46.198029   0.00005858   0.00765376   0.8949   0.4960  3+[ 6, 5, 1]
  66   32.468720   32.460573   0.00009112   0.00954549   0.8534   0.8679  3-[ 5, 0, 1]
  67   32.285933   32.276485   0.00010612   0.01030070   0.9171   0.7535  3-[ 5, 1, 2]
  68   31.751403   31.740046   0.00012910   0.01136131   0.9994   0.5066  3+[ 6, 3, 1]
  69   26.630340   26.619499   0.00013949   0.01180962   0.9179   0.6268  3-[ 5, 2, 1]
  70   30.821119   30.808263   0.00014931   0.01221820   1.0520   0.6264  3-[ 5, 3, 2]
  71   13.376654   13.360767   0.00030595   0.01748885   0.9019   0.9085  3+[ 4, 0, 2]
  72   15.221306   15.201828   0.00035477   0.01883200   1.0339   0.6082  3-[ 5, 4, 1]
  73    9.546422    9.527590   0.00042814   0.02068717   0.9055   0.8334  3+[ 4, 1, 1]
  74   11.379000   11.356001   0.00047853   0.02187002   1.0418   0.7454  3+[ 4, 2, 2]
  75   -0.915783   -0.961057   0.00200006   0.04467729   1.0112   0.7079  3+[ 4, 3, 1]
  76   -4.451680   -4.516819   0.00418694   0.06457096   1.0046   0.7626  3-[ 3, 0, 1]
  77   -5.500856   -5.571828   0.00527303   0.07242390   0.9748   0.6313  3-[ 3, 1, 2]
  78  -10.451946  -13.701260   0.91344945   0.28117530   1.0002   0.8157  3-[ 3, 2, 1]
  79   -6.025619  -18.326212   0.99118758   0.09345993   1.1593   0.9348  3+[ 2, 0, 2]
  80    0.410900  -24.822515   0.99803486   0.04428633   1.1172   0.9227  3+[ 2, 1, 1]
  81   11.158116  -35.588695   0.99934788   0.02552825   1.1941   0.9755  3-[ 1, 0, 1]
  82   52.024888   52.022731   0.00000000   0.00000000   0.5265   0.6038  5+[ 8, 3, 3]
  83   51.238319   51.236738   0.00000000   0.00000000   0.4480   0.7062  5+[ 8, 1, 3]
  84   51.441262   51.439079   0.00000000   0.00000001   0.5272   0.8494  5+[ 8, 0, 2]
  85   33.893291   33.892818   0.00000499   0.00223403   0.2089   0.6114  5+[ 8, 2, 2]
  86   35.968455   35.967785   0.00000676   0.00259990   0.2540   0.5734  5+[ 8, 6, 2]
  87   55.311041   55.309765   0.00000878   0.00296315   0.4151   0.5776  5+[ 8, 3, 3]
  88   33.556273   33.552765   0.00001173   0.00342534   0.5668   0.8009  5+[ 6, 1, 3]
  89   34.443002   34.441823   0.00001264   0.00355519   0.3319   0.7663  5-[ 7, 0, 3]
  90   44.480157   44.478644   0.00001331   0.00364804   0.4142   0.5756  5+[ 8, 4, 2]
  91   29.194418   29.191124   0.00001414   0.00376048   0.5224   0.7910  5+[ 6, 0, 2]
  92   34.510972   34.509600   0.00001468   0.00383128   0.3582   0.6589  5-[ 7, 2, 3]
  93   34.045627   34.044073   0.00001679   0.00409734   0.3792   0.7931  5-[ 7, 1, 2]
  94   39.566944   39.564715   0.00002153   0.00463951   0.4806   0.7892  5-[ 7, 3, 2]
  95   40.954380   40.951990   0.00002247   0.00473984   0.5042   0.6370  5-[ 7, 5, 2]
  96   39.149063   39.142891   0.00002490   0.00498945   0.7964   0.7665  5+[ 6, 3, 3]
  97   33.702664   33.699377   0.00003578   0.00598132   0.5495   0.6647  5-[ 7, 5, 2]
  98   47.062276   47.055264   0.00005907   0.00768561   0.9118   0.5889  5+[ 6, 2, 2]
  99   34.864291   34.854700   0.00010182   0.01009004   0.9504   0.8636  5-[ 5, 0, 3]
 100   32.168890   32.157453   0.00012879   0.01134789   1.0077   0.6251  5+[ 6, 4, 2]
 101   28.318849   28.307566   0.00013912   0.01179416   0.9565   0.8315  5-[ 5, 1, 2]
 102   31.746377   31.733242   0.00014934   0.01221971   1.0748   0.7208  5-[ 5, 2, 3]
 103   15.924153   15.904501   0.00034900   0.01867832   1.0518   0.7639  5-[ 5, 3, 2]
 104   10.824006   10.805985   0.00038636   0.01965227   0.9114   0.9385  5+[ 4, 0, 2]
 105   13.213204   13.189477   0.00045495   0.02132473   1.0986   0.8825  5+[ 4, 1, 3]
 106   -0.161700   -0.206398   0.00185138   0.04298776   1.0377   0.8640  5+[ 4, 2, 2]
 107   -2.523068   -2.590933   0.00349546   0.05901897   1.1459   0.9504  5-[ 3, 0, 3]
 108  -11.000558  -12.886847   0.76679434   0.42287206   1.0403   0.9322  5-[ 3, 1, 2]
 109   -0.653808  -23.747917   0.99742541   0.05067508   1.1708   0.9777  5+[ 2, 0, 2]
 110   51.696358   51.694692   0.00000000   0.00000000   0.4615   0.6672  7+[ 8, 2, 4]
 111   51.343464   51.341414   0.00000000   0.00000000   0.5106   0.9392  7+[ 8, 0, 4]
 112   32.678400   32.677965   0.00000482   0.00219485   0.1975   0.7989  7+[ 8, 1, 3]
 113   36.071825   36.071214   0.00000630   0.00251009   0.2430   0.6409  7+[ 8, 3, 3]
 114   55.314024   55.312750   0.00000875   0.00295739   0.4147   0.6618  7+[ 8, 4, 4]
 115   34.347899   34.344467   0.00001013   0.00318257   0.5654   0.9173  7+[ 6, 0, 4]
 116   36.361682   36.360428   0.00001290   0.00359175   0.3491   0.8167  7-[ 7, 1, 4]
 117   44.962684   44.961196   0.00001301   0.00360653   0.4126   0.6713  7+[ 8, 5, 3]
 118   33.509191   33.507685   0.00001646   0.00405714   0.3711   0.7750  7-[ 7, 0, 3]
 119   34.417577   34.415747   0.00001961   0.00442811   0.4131   0.7672  7-[ 7, 2, 3]
 120   45.622648   45.620136   0.00002171   0.00465950   0.5391   0.8114  7-[ 7, 3, 4]
 121   40.006596   40.000319   0.00002367   0.00486528   0.8098   0.8522  7+[ 6, 2, 4]
 122   34.149214   34.145990   0.00003475   0.00589518   0.5468   0.7807  7-[ 7, 4, 3]
 123   48.089290   48.082118   0.00005944   0.00770939   0.9302   0.7625  7+[ 6, 1, 3]
 124   32.749043   32.737495   0.00012837   0.01132929   1.0192   0.7313  7+[ 6, 3, 3]
 125   29.337324   29.325979   0.00013646   0.01168093   0.9711   0.9175  7-[ 5, 0, 3]
 126   33.896249   33.882650   0.00014742   0.01214070   1.1200   0.8343  7-[ 5, 1, 4]
 127   16.869626   16.849702   0.00034233   0.01849898   1.0766   0.8598  7-[ 5, 2, 3]
 128   14.899804   14.876186   0.00041994   0.02048822   1.1318   0.9454  7+[ 4, 0, 4]
 129    0.873377    0.829328   0.00168052   0.04095972   1.0735   0.9535  7+[ 4, 1, 3]
 130  -11.103346  -11.889415   0.34868348   0.47655358   1.0743   0.9852  7-[ 3, 0, 3]
 131   51.228911   51.227339   0.00000000   0.00000000   0.4467   0.8183  9+[ 8, 1, 5]
 132   30.661260   30.660882   0.00000440   0.00209663   0.1800   0.8267  9+[ 8, 0, 4]
 133   36.690992   36.690428   0.00000575   0.00239743   0.2349   0.7356  9+[ 8, 2, 4]
 134   55.924633   55.923406   0.00000868   0.00294651   0.4091   0.7976  9+[ 8, 3, 5]
 135   35.720851   35.719712   0.00001187   0.00344561   0.3304   0.8858  9-[ 7, 0, 5]
 136   45.513027   45.511568   0.00001262   0.00355307   0.4103   0.7891  9+[ 8, 4, 4]
 137   33.875904   33.874377   0.00001656   0.00406953   0.3753   0.8875  9-[ 7, 1, 4]
 138   46.555145   46.552672   0.00002104   0.00458672   0.5393   0.9014  9-[ 7, 2, 5]
 139   40.879931   40.873602   0.00002197   0.00468701   0.8199   0.9124  9+[ 6, 1, 5]
 140   34.731919   34.728772   0.00003351   0.00578874   0.5437   0.8717  9-[ 7, 3, 4]
 141   49.072917   49.065777   0.00005823   0.00763069   0.9356   0.8149  9+[ 6, 0, 4]
 142   33.457760   33.446109   0.00012751   0.01129145   1.0318   0.8004  9+[ 6, 2, 4]
 143   35.770328   35.756685   0.00014211   0.01192010   1.1444   0.8868  9-[ 5, 0, 5]
 144   17.964582   17.944394   0.00033429   0.01828048   1.1040   0.9156  9-[ 5, 1, 4]
 145    2.108273    2.065833   0.00147981   0.03843983   1.1024   0.9908  9+[ 4, 0, 4]
 146   50.889301   50.887807   0.00000000   0.00000000   0.4343   0.9215 11+[ 8, 0, 6]
 147   36.926497   36.925982   0.00000524   0.00228829   0.2251   0.8022 11+[ 8, 1, 5]
 148   56.168814   56.167624   0.00000852   0.00291869   0.4036   0.8988 11+[ 8, 2, 6]
 149   46.112753   46.111335   0.00001216   0.00348671   0.4069   0.8813 11+[ 8, 3, 5]
 150   33.243770   33.242394   0.00001513   0.00388975   0.3538   0.9246 11-[ 7, 0, 5]
 151   41.671920   41.665702   0.00001963   0.00443052   0.8187   0.9505 11+[ 6, 0, 6]
 152   47.020186   47.017800   0.00002014   0.00448742   0.5318   0.9522 11-[ 7, 1, 6]
 153   35.389525   35.386476   0.00003202   0.00565825   0.5389   0.9381 11-[ 7, 2, 5]
 154   34.277969   34.266306   0.00012539   0.01119703   1.0415   0.8398 11+[ 6, 1, 5]
 155   19.159248   19.139236   0.00031877   0.01785122   1.1207   0.9365 11-[ 5, 0, 5]
 156   36.525982   36.525519   0.00000474   0.00217754   0.2123   0.8425 13+[ 8, 0, 6]
 157   56.488586   56.487456   0.00000823   0.00286819   0.3942   0.9631 13+[ 8, 1, 7]
 158   46.724495   46.723128   0.00001159   0.00340456   0.4014   0.9462 13+[ 8, 2, 6]
 159   47.353016   47.350773   0.00001883   0.00433924   0.5171   0.9799 13-[ 7, 0, 7]
 160   36.064898   36.061983   0.00003018   0.00549323   0.5306   0.9799 13-[ 7, 1, 6]
 161   35.200258   35.188836   0.00012040   0.01097214   1.0408   0.8541 13+[ 6, 0, 6]
 162   56.658243   56.657187   0.00000766   0.00276811   0.3814   0.9846 15+[ 8, 0, 8]
 163   47.311253   47.309955   0.00001090   0.00330190   0.3932   0.9846 15+[ 8, 1, 7]
 164   36.718380   36.715654   0.00002784   0.00527603   0.5165   1.0000 15-[ 7, 0, 7]
 165   47.839828   47.838619   0.00001006   0.00317127   0.3810   1.0000 17+[ 8, 0, 8]
  Sum canonical e_v*V^2_k=  -648.15961848886172     


 #quasiparticle energies protons 
 --------------------------------
  eqp(k) -> q.p. energy 
  e(k)   -> referent s.p. energy 
  p(k)   -> occ.probability 
  del(k) -> referent s.p. gap 
  fermi energy alast=  -6.9029970832235312     
  #k  block#    eqp(k)     e(k)       (1-2N)E      decay        p(k)        del(k)    overl      labels
   1    1     1.438081   -7.776173   -0.873176    1.281364    0.80359080   1.1426   0.5224  1-[ 3, 3, 0]
   2    1     5.184800  -11.990404   -5.087407    1.542535    0.99060788   1.0002   0.8764  1+[ 2, 0, 0]
   3    1     5.333917   -1.639250    5.263747    1.552020    0.00657777   0.8623   0.6360  1-[ 3, 3, 0]
   4    1     7.028796  -13.819916   -6.916919    1.656018    0.99204150   1.2491   0.7712  1+[ 2, 1, 1]
   5    1     7.104755    0.124058    7.027056    1.660526    0.00546815   1.0479   0.7345  1-[ 3, 2, 1]
   6    1     8.853860    1.914730    8.817727    1.761150    0.00204053   0.7991   0.8680  1-[ 3, 0, 1]
   7    1    10.593627    3.641791   10.544788    1.855832    0.00230511   1.0161   0.5473  1+[ 4, 2, 0]
   8    1    12.093220  -18.880821  -11.977824    1.933727    0.99522889   1.6666   0.7183  1+[ 2, 2, 0]
   9    1    16.791215    9.808793   16.711790    2.159646    0.00236507   1.6312   0.6195  1+[ 4, 4, 0]
  10    1    18.474902   11.543922   18.446919    2.235061    0.00075732   1.0165   0.6368  1+[ 4, 3, 1]
  11    1    19.747756  -26.596722  -19.693724    2.290426    0.99863197   1.4598   0.9231  1-[ 1, 0, 1]
  12    1    19.759760   12.832304   19.735301    2.290942    0.00061890   0.9828   0.5874  1+[ 4, 0, 0]
  13    1    20.336081   13.412699   20.315696    2.315569    0.00050121   0.9103   0.5952  1+[ 4, 1, 1]
  14    1    22.130425   15.187803   22.090800    2.390620    0.00089526   1.3237   0.5692  1-[ 5, 3, 0]
  15    1    23.140931  -29.898324  -22.995327    2.431867    0.99685396   2.5918   0.9078  1-[ 1, 1, 0]
  16    1    27.733633   20.776006   27.679003    2.611135    0.00098489   1.7399   0.5611  1-[ 5, 5, 0]
  17    1    28.815449   21.832227   28.735224    2.651598    0.00139204   2.1487   0.5747  1-[ 5, 1, 0]
  18    1    30.072474   23.136156   30.039153    2.697853    0.00055401   1.4153   0.4667  1-[ 5, 0, 1]
  19    1    30.746232   23.828447   30.731445    2.722322    0.00024047   0.9535   0.4799  1-[ 5, 4, 1]
  20    1    32.141134   25.229634   32.132631    2.772295    0.00013227   0.7393   0.5885  1-[ 5, 2, 1]
  21    1    32.875512  -39.725210  -32.822213    2.798245    0.99918939   1.8713   0.9621  1+[ 0, 0, 0]
  22    1    33.458878   26.547009   33.450006    2.818689    0.00013258   0.7705   0.5557  1+[ 6, 4, 0]
  23    1    35.767395   28.853795   35.756793    2.898176    0.00014821   0.8708   0.4906  1+[ 6, 2, 0]
  24    1    36.272573   29.357744   36.260741    2.915282    0.00016310   0.9264   0.3660  1+[ 6, 1, 1]
  25    1    38.255732   31.342178   38.245175    2.981483    0.00013798   0.8987   0.4037  1+[ 6, 1, 1]
  26    1    39.442585   32.508540   39.411537    3.020408    0.00039359   1.5647   0.5138  1+[ 6, 0, 0]
  27    1    40.313147   33.398078   40.301075    3.048644    0.00014973   0.9865   0.4329  1+[ 6, 5, 1]
  28    1    41.873499   34.967588   41.870585    3.098609    0.00003480   0.4940   0.5205  1+[ 6, 3, 1]
  29    1    46.830120   39.922547   46.825544    3.252239    0.00004885   0.6546   0.5119  1-[ 7, 4, 1]
  30    1    54.018628   47.104355   54.007352    3.462958    0.00010437   1.1037   0.4682  1-[ 7, 2, 1]
  31    1    57.982447   51.077327   57.980324    3.573840    0.00001830   0.4961   0.5135  1+[ 8, 4, 0]
  32    1    58.804298   51.897603   58.800600    3.596402    0.00003144   0.6595   0.5309  1-[ 7, 4, 1]
  33    1    59.814429   52.903052   59.806050    3.623941    0.00007005   1.0012   0.4830  1-[ 7, 7, 0]
  34    1    61.667307   54.755254   61.658251    3.673919    0.00007343   1.0568   0.4732  1+[ 8, 2, 0]
  35    1    61.699651   54.788307   61.691304    3.674785    0.00006764   1.0148   0.4583  1-[ 7, 1, 0]
  36    1    63.028209   56.114548   63.017545    3.710197    0.00008460   1.1594   0.6225  1-[ 7, 6, 1]
  37    1    65.407928   58.496843   65.399840    3.772797    0.00006182   1.0286   0.3822  1-[ 7, 3, 0]
  38    2     1.236082   -7.372689   -0.469692    1.265753    0.68999220   1.1434   0.6719  3-[ 3, 2, 1]
  39    2     5.150256  -11.915563   -5.012566    1.540329    0.98663273   1.1829   0.9177  3+[ 2, 0, 2]
  40    2     7.050698    0.099542    7.002539    1.657319    0.00341519   0.8227   0.7471  3-[ 3, 0, 1]
  41    2     8.190617    1.221470    8.124467    1.723686    0.00403817   1.0389   0.7762  3-[ 3, 1, 2]
  42    2    10.905350    3.952089   10.855086    1.872291    0.00230456   1.0458   0.6992  3+[ 4, 3, 1]
  43    2    11.522908  -18.319620  -11.416623    1.904478    0.99538810   1.5615   0.9088  3+[ 2, 1, 1]
  44    2    17.661881   10.695081   17.598078    2.198967    0.00180625   1.4999   0.6988  3+[ 4, 1, 1]
  45    2    19.776214   12.853478   19.756475    2.291648    0.00049907   0.8834   0.6381  3+[ 4, 2, 2]
  46    2    20.660252   13.738075   20.641072    2.329307    0.00046419   0.8900   0.6522  3+[ 4, 0, 2]
  47    2    21.910981  -28.677898  -21.774900    2.381569    0.99689469   2.4382   0.9671  3-[ 1, 0, 1]
  48    2    22.369716   15.382263   22.285261    2.400452    0.00188773   1.9420   0.5988  3-[ 5, 4, 1]
  49    2    28.053211   21.122922   28.025919    2.623153    0.00048644   1.2371   0.5769  3-[ 5, 2, 1]
  50    2    29.050001   22.102614   29.005611    2.660290    0.00076402   1.6053   0.7690  3-[ 5, 0, 1]
  51    2    31.176311   24.259665   31.162662    2.737827    0.00021890   0.9224   0.5973  3-[ 5, 3, 2]
  52    2    32.319571   25.408171   32.311168    2.778622    0.00013000   0.7369   0.6080  3-[ 5, 1, 2]
  53    2    33.641810   26.731211   33.634208    2.825069    0.00011298   0.7151   0.5616  3+[ 6, 5, 1]
  54    2    35.810182   28.897094   35.800091    2.899629    0.00014089   0.8501   0.4689  3+[ 6, 1, 1]
  55    2    36.532205   29.619450   36.522447    2.924034    0.00013355   0.8443   0.5271  3+[ 6, 1, 1]
  56    2    38.944757   32.033253   38.936250    3.004142    0.00010922   0.8140   0.5911  3+[ 6, 0, 2]
  57    2    40.427366   33.512519   40.415516    3.052329    0.00014655   0.9787   0.4325  3+[ 6, 4, 2]
  58    2    41.979613   35.073782   41.976779    3.101978    0.00003375   0.4878   0.5028  3+[ 6, 4, 2]
  59    2    46.934653   40.027154   46.930152    3.255401    0.00004795   0.6500   0.5924  3-[ 7, 4, 1]
  60    2    53.983862   47.069594   53.972591    3.461970    0.00010439   1.1031   0.5825  3-[ 7, 2, 1]
  61    2    58.061148   51.156059   58.059056    3.576007    0.00001801   0.4928   0.5492  3+[ 8, 5, 1]
  62    2    58.871575   51.964934   58.867931    3.598243    0.00003095   0.6551   0.6014  3-[ 7, 3, 2]
  63    2    59.955959   53.044635   59.947632    3.627783    0.00006944   0.9992   0.4849  3-[ 7, 4, 1]
  64    2    61.619803   54.707775   61.610772    3.672646    0.00007328   1.0549   0.4627  3+[ 8, 3, 1]
  65    2    62.148314   55.236814   62.139811    3.686782    0.00006841   1.0280   0.7423  3-[ 7, 1, 2]
  66    2    63.137285   56.223955   63.126952    3.713090    0.00008182   1.1422   0.6151  3-[ 7, 5, 2]
  67    2    65.519649   58.608684   65.511681    3.775710    0.00006081   1.0218   0.7027  3-[ 7, 0, 1]
  68    3     1.149995   -6.654034    0.248963    1.259042    0.39175464   1.1227   0.7216  5-[ 3, 1, 2]
  69    3     9.397586    2.441423    9.344420    1.791278    0.00282871   0.9982   0.9194  5-[ 3, 0, 3]
  70    3    10.433121  -17.239274  -10.336277    1.847300    0.99535881   1.4182   0.9699  5+[ 2, 0, 2]
  71    3    11.479027    4.521433   11.424431    1.902209    0.00237810   1.1182   0.8513  5+[ 4, 2, 2]
  72    3    18.682213   11.734322   18.637319    2.244171    0.00120152   1.2944   0.8218  5+[ 4, 0, 2]
  73    3    21.067935   14.148426   21.051423    2.346470    0.00039189   0.8340   0.8403  5+[ 4, 1, 3]
  74    3    22.824654   15.906244   22.809241    2.419033    0.00033764   0.8387   0.7671  5-[ 5, 3, 2]
  75    3    28.485527   21.566227   28.469224    2.639324    0.00028616   0.9636   0.7565  5-[ 5, 1, 2]
  76    3    31.937614   25.022553   31.925550    2.765060    0.00018887   0.8778   0.6647  5-[ 5, 0, 3]
  77    3    32.648641   25.737900   32.640897    2.790254    0.00011860   0.7111   0.6652  5-[ 5, 2, 3]
  78    3    33.997737   27.087587   33.990584    2.837442    0.00010519   0.6973   0.7295  5+[ 6, 4, 2]
  79    3    35.852750   28.940113   35.843110    2.901074    0.00013444   0.8314   0.6432  5+[ 6, 2, 2]
  80    3    36.940823   30.029468   36.932465    2.937756    0.00011313   0.7858   0.6555  5+[ 6, 0, 2]
  81    3    40.609912   33.695800   40.598797    3.058210    0.00013685   0.9501   0.6063  5+[ 6, 1, 3]
  82    3    42.184700   35.279044   42.182041    3.108478    0.00003152   0.4736   0.6628  5+[ 6, 3, 3]
  83    3    47.142882   40.235532   47.138529    3.261691    0.00004616   0.6406   0.5901  5-[ 7, 3, 2]
  84    3    53.909313   46.995109   53.898106    3.459850    0.00010395   1.0992   0.5663  5-[ 7, 1, 2]
  85    3    58.217664   51.312635   58.215632    3.580312    0.00001745   0.4864   0.6051  5+[ 8, 4, 2]
  86    3    58.999922   52.093404   58.996401    3.601752    0.00002984   0.6445   0.5813  5-[ 7, 4, 3]
  87    3    60.209395   53.298308   60.201305    3.634652    0.00006718   0.9870   0.6306  5-[ 7, 1, 2]
  88    3    61.527465   54.615517   61.518514    3.670170    0.00007274   1.0495   0.5777  5+[ 8, 2, 2]
  89    3    62.784955   55.872441   62.775438    3.703739    0.00007579   1.0931   0.6991  5-[ 7, 0, 3]
  90    3    63.386552   56.474983   63.377981    3.719691    0.00006761   1.0424   0.5516  5-[ 7, 2, 3]
  91    4     1.678286   -5.591594    1.311403    1.299683    0.10930279   1.0473   0.9231  7-[ 3, 0, 3]
  92    4    12.273907    5.332697   12.235694    1.942901    0.00155668   0.9678   0.9415  7+[ 4, 1, 3]
  93    4    22.035396   15.119933   22.022930    2.386705    0.00028288   0.7411   0.8882  7+[ 4, 0, 4]
  94    4    23.466852   16.549444   23.452441    2.445022    0.00030704   0.8223   0.8799  7-[ 5, 2, 3]
  95    4    28.913892   21.996993   28.899990    2.655250    0.00024039   0.8965   0.8513  7-[ 5, 0, 3]
  96    4    33.142786   26.233614   33.136611    2.807630    0.00009315   0.6397   0.8607  7-[ 5, 1, 4]
  97    4    34.510439   27.600874   34.503871    2.855171    0.00009516   0.6733   0.8425  7+[ 6, 3, 3]
  98    4    35.894322   28.982431   35.885428    2.902484    0.00012388   0.7990   0.8048  7+[ 6, 1, 3]
  99    4    40.870803   33.958187   40.861184    3.066595    0.00011767   0.8867   0.7021  7+[ 6, 0, 4]
 100    4    42.474198   35.568824   42.471821    3.117631    0.00002798   0.4494   0.7774  7+[ 6, 2, 4]
 101    4    47.453143   40.546014   47.449011    3.271039    0.00004353   0.6262   0.6990  7-[ 7, 4, 3]
 102    4    53.794892   46.880964   53.783962    3.456593    0.00010160   1.0844   0.6595  7-[ 7, 2, 3]
 103    4    58.450235   51.545293   58.448290    3.586700    0.00001663   0.4768   0.5896  7+[ 8, 3, 3]
 104    4    59.181753   52.275456   59.178453    3.606717    0.00002789   0.6250   0.7393  7-[ 7, 3, 4]
 105    4    60.533568   53.623007   60.526004    3.643420    0.00006247   0.9569   0.8121  7-[ 7, 0, 3]
 106    4    61.398284   54.486525   61.389522    3.666704    0.00007135   1.0372   0.5642  7+[ 8, 5, 3]
 107    4    63.204279   56.290891   63.193888    3.714865    0.00008220   1.1460   0.7323  7-[ 7, 1, 4]
 108    5    13.313946    6.380613   13.283611    1.994891    0.00113925   0.8983   0.9828  9+[ 4, 0, 4]
 109    5    24.269708   17.353814   24.256811    2.477130    0.00026571   0.7911   0.9489  9-[ 5, 1, 4]
 110    5    33.849286   26.941475   33.844472    2.832288    0.00007111   0.5709   0.8962  9-[ 5, 0, 5]
 111    5    35.159751   28.250853   35.153850    2.877467    0.00008392   0.6441   0.9061  9+[ 6, 2, 4]
 112    5    35.954400   29.043678   35.946676    2.904520    0.00010742   0.7453   0.8521  9+[ 6, 0, 4]
 113    5    42.827757   35.922764   42.825761    3.128773    0.00002330   0.4135   0.8416  9+[ 6, 1, 5]
 114    5    47.863048   40.956212   47.859209    3.283350    0.00004010   0.6062   0.8255  9-[ 7, 3, 4]
 115    5    53.658707   46.745445   53.648442    3.452713    0.00009565   1.0495   0.8691  9-[ 7, 1, 4]
 116    5    58.756308   51.851479   58.754476    3.595089    0.00001559   0.4640   0.7187  9+[ 8, 4, 4]
 117    5    59.412754   52.506788   59.409785    3.613016    0.00002498   0.5939   0.8646  9-[ 7, 2, 5]
 118    5    61.249555   54.338173   61.241170    3.662710    0.00006845   1.0135   0.6848  9+[ 8, 2, 4]
 119    5    63.510063   56.597790   63.500787    3.722958    0.00007303   1.0854   0.8503  9-[ 7, 0, 5]
 120    6    25.237893   18.324254   25.227251    2.515304    0.00021083   0.7328   0.9825 11-[ 5, 0, 5]
 121    6    35.930879   29.022764   35.925761    2.903723    0.00007122   0.6064   0.9461 11+[ 6, 1, 5]
 122    6    43.234273   36.329741   43.232738    3.141534    0.00001776   0.3644   0.8676 11+[ 6, 0, 6]
 123    6    48.370029   41.463561   48.366558    3.298512    0.00003588   0.5794   0.9170 11-[ 7, 2, 5]
 124    6    53.546893   46.634731   53.537728    3.449525    0.00008559   0.9907   0.9575 11-[ 7, 0, 5]
 125    6    59.132828   52.228136   59.131133    3.605382    0.00001433   0.4478   0.8309 11+[ 8, 3, 5]
 126    6    59.693103   52.787565   59.690562    3.620644    0.00002128   0.5508   0.9451 11-[ 7, 1, 6]
 127    6    61.111682   54.200927   61.103924    3.659003    0.00006347   0.9737   0.8603 11+[ 8, 1, 5]
 128    7    36.756058   29.848906   36.751903    2.931559    0.00005653   0.5527   0.9723 13+[ 6, 0, 6]
 129    7    48.972810   42.066794   48.969791    3.316449    0.00003082   0.5438   0.9746 13-[ 7, 1, 6]
 130    7    59.577006   52.672479   59.575476    3.617487    0.00001284   0.4269   0.9165 13+[ 8, 2, 6]
 131    7    60.024807   53.119727   60.022724    3.629650    0.00001735   0.5000   0.9746 13-[ 7, 0, 7]
 132    7    61.031532   54.121663   61.024660    3.656847    0.00005630   0.9159   0.9400 13+[ 8, 0, 6]
 133    8    49.673833   42.768345   49.671342    3.337189    0.00002507   0.4975   1.0000 15-[ 7, 0, 7]
 134    8    60.087375   53.183061   60.086058    3.631346    0.00001096   0.3978   0.9773 15+[ 8, 1, 7]
 135    9    60.655766   53.751677   60.654674    3.646719    0.00000900   0.3639   1.0000 17+[ 8, 0, 8]
#all active are  135 q.p. states out of  165
#since the cut off is pwi=  60.0
#check: number of protons =  24.0


 #canonical s.p. energies protons 
 ---------------------------------


  labels -> {2*omega}{parity}[nn=nz+2*nr+nl,nz,nl]
  cqpe   -> canonical q.p. energies
  ce     -> canonical s.p. energies
  fermi energy=  -6.9029970832235312     
  average cdelt=   1.1772979846393896     
  k0      ceqp        ce         v*v       u*v        cdel     overl      labels
   1   56.081526   56.079412   0.00000000   0.00000000   0.5160   0.5669  1+[ 8, 1, 1]
   2   57.548961   57.546143   0.00000000   0.00000000   0.6026   0.5134  1-[ 7, 0, 1]
   3   57.084756   57.082005   0.00000000   0.00000000   0.5934   0.5156  1-[ 7, 0, 1]
   9   43.886253   43.885346   0.00000728   0.00269792   0.3035   0.4332  1+[ 8, 2, 0]
  10   35.841932   35.838878   0.00001199   0.00346277   0.5110   0.8891  1+[ 6, 0, 0]
  11   36.396836   36.393397   0.00001435   0.00378865   0.5458   0.7745  1+[ 6, 1, 1]
  12   41.005489   41.004061   0.00001451   0.00380875   0.3699   0.5735  1-[ 7, 2, 1]
  13   39.643194   39.641561   0.00001704   0.00412787   0.3899   0.7346  1-[ 7, 1, 0]
  14   47.167454   47.164912   0.00001889   0.00434671   0.5242   0.4522  1+[ 8, 4, 0]
  15   38.649659   38.646215   0.00002009   0.00448269   0.5601   0.5198  1+[ 6, 2, 0]
  16   43.884451   43.882193   0.00002220   0.00471213   0.4789   0.7662  1-[ 7, 3, 0]
  17   43.176096   43.173669   0.00002275   0.00477015   0.4931   0.5096  1-[ 7, 2, 1]
  18   34.876173   34.871913   0.00002563   0.00506295   0.5966   0.5659  1+[ 6, 4, 0]
  19   49.428456   49.424823   0.00003224   0.00567810   0.6397   0.6812  1-[ 7, 6, 1]
  20   47.464145   47.460540   0.00003292   0.00573727   0.6260   0.7532  1-[ 7, 7, 0]
  21   34.976869   34.971414   0.00003431   0.00585772   0.6759   0.6244  1+[ 6, 6, 0]
  22   41.658113   41.650267   0.00003721   0.00609969   0.8729   0.5918  1+[ 6, 6, 0]
  23   31.118614   31.113420   0.00005080   0.00712738   0.6284   0.7863  1-[ 5, 0, 1]
  24   40.184196   40.179384   0.00005109   0.00714761   0.6731   0.5467  1-[ 7, 5, 0]
  25   35.744727   35.736171   0.00009968   0.00998342   0.8542   0.7115  1-[ 5, 1, 0]
  26   35.116161   35.105919   0.00012097   0.01099816   0.9277   0.5278  1-[ 5, 2, 1]
  27   29.240524   29.228812   0.00016203   0.01272794   0.9201   0.5953  1-[ 5, 5, 0]
  28   37.804053   37.789039   0.00016702   0.01292240   1.1585   0.5068  1+[ 6, 4, 0]
  29   36.483683   36.466641   0.00019638   0.01401215   1.2159   0.5543  1-[ 5, 4, 1]
  30   21.021761   21.009241   0.00022225   0.01490649   0.8361   0.8736  1+[ 4, 0, 0]
  31   17.986317   17.968740   0.00035029   0.01871266   0.9352   0.7888  1+[ 4, 1, 1]
  32   21.108506   21.083592   0.00044471   0.02108347   1.1812   0.5700  1-[ 5, 3, 0]
  33   14.422368   14.401937   0.00047740   0.02184425   0.9332   0.5807  1+[ 4, 4, 0]
  34   16.978024   16.947604   0.00062990   0.02508998   1.2050   0.6577  1+[ 4, 3, 1]
  35    3.310967    3.271069   0.00195342   0.04415437   0.9019   0.9153  1-[ 3, 0, 1]
  36    5.025411    4.968092   0.00239450   0.04887503   1.1680   0.5671  1+[ 4, 2, 0]
  37    0.425481    0.349299   0.00519762   0.07190689   1.0539   0.8013  1-[ 3, 1, 0]
  38   -0.524870   -0.617855   0.00728806   0.08505849   1.0851   0.7128  1-[ 3, 3, 0]
  39   -5.457715   -7.781205   0.80381890   0.39710714   1.1479   0.5829  1-[ 3, 3, 0]
  40   -1.276914  -12.420170   0.99031153   0.09795207   1.1016   0.7573  1+[ 2, 0, 0]
  41   -0.242886  -13.471149   0.99308610   0.08286190   1.1029   0.5889  1+[ 2, 2, 0]
  42    5.222982  -18.965134   0.99735622   0.05134966   1.2427   0.7290  1+[ 2, 2, 0]
  43   12.872657  -26.641215   0.99904395   0.03090533   1.2162   0.8940  1-[ 1, 0, 1]
  44   16.223505  -29.995347   0.99926162   0.02716305   1.2564   0.8790  1-[ 1, 1, 0]
  45   25.890250  -39.676844   0.99970201   0.01725992   1.1278   0.9749  1+[ 0, 0, 0]
  46   58.850320   58.848187   0.00000000   0.00000000   0.5296   0.7323  3+[ 8, 4, 2]
  47   59.068292   59.065950   0.00000000   0.00000000   0.5559   0.6390  3+[ 8, 1, 1]
  48   56.896974   56.895033   0.00000000   0.00000000   0.4976   0.5821  3+[ 8, 2, 2]
  49   59.078324   59.075528   0.00000000   0.00000001   0.6074   0.6661  3+[ 8, 7, 1]
  52   43.787484   43.786599   0.00000716   0.00267560   0.2996   0.4835  3+[ 8, 3, 1]
  53   36.723517   36.720454   0.00001112   0.00333425   0.5170   0.9343  3+[ 6, 0, 2]
  54   39.170055   39.168829   0.00001331   0.00364857   0.3362   0.7741  3-[ 7, 0, 1]
  55   36.733630   36.729961   0.00001496   0.00386802   0.5658   0.7597  3+[ 6, 1, 1]
  56   40.504214   40.502779   0.00001513   0.00389004   0.3688   0.6844  3-[ 7, 1, 2]
  57   44.702823   44.699928   0.00001846   0.00429601   0.5466   0.4716  3+[ 6, 2, 2]
  58   41.888374   41.886483   0.00001938   0.00440217   0.4296   0.7672  3-[ 7, 2, 1]
  59   41.981503   41.978443   0.00001939   0.00440387   0.5469   0.4434  3+[ 8, 5, 1]
  60   43.204404   43.202217   0.00002182   0.00467139   0.4681   0.7071  3-[ 7, 3, 2]
  61   46.426876   46.423673   0.00003003   0.00547980   0.5845   0.7708  3-[ 7, 4, 1]
  62   36.173421   36.167974   0.00003043   0.00551592   0.6850   0.5976  3+[ 6, 5, 1]
  63   49.614425   49.610804   0.00003204   0.00565992   0.6398   0.6749  3-[ 7, 6, 1]
  64   42.781057   42.773067   0.00003552   0.00595994   0.8910   0.6117  3+[ 6, 5, 1]
  65   40.222879   40.218168   0.00004998   0.00706941   0.6663   0.5692  3-[ 7, 6, 1]
  66   39.712233   39.704813   0.00007959   0.00892122   0.8317   0.8960  3-[ 5, 0, 1]
  67   38.493951   38.483926   0.00011041   0.01050715   0.9540   0.7846  3-[ 5, 1, 2]
  68   30.909702   30.897973   0.00015509   0.01245265   0.9417   0.6247  3-[ 5, 2, 1]
  69   38.035871   38.020961   0.00016509   0.01284751   1.1575   0.5269  3+[ 6, 3, 1]
  70   37.218921   37.202048   0.00019121   0.01382640   1.2201   0.6979  3-[ 5, 3, 2]
  71   20.247013   20.232429   0.00026486   0.01627240   0.8898   0.9227  3+[ 4, 0, 2]
  72   15.906869   15.887676   0.00041818   0.02044507   0.9355   0.8350  3+[ 4, 1, 1]
  73   21.500603   21.475871   0.00043536   0.02086082   1.1850   0.5933  3-[ 5, 4, 1]
  74   17.879825   17.850250   0.00058783   0.02423816   1.2104   0.8041  3+[ 4, 2, 2]
  75    5.397572    5.341776   0.00225895   0.04747470   1.1703   0.7123  3+[ 4, 3, 1]
  76    1.550179    1.502369   0.00282790   0.05310272   0.8978   0.9254  3-[ 3, 0, 1]
  77    1.688449    1.604468   0.00488752   0.06973972   1.1983   0.8584  3-[ 3, 1, 2]
  78   -5.658731   -7.376294   0.69019119   0.46241465   1.1507   0.8096  3-[ 3, 2, 1]
  79   -1.743054  -11.928330   0.98694689   0.11350208   1.1709   0.9155  3+[ 2, 0, 2]
  80    4.626313  -18.365356   0.99708430   0.05391844   1.2407   0.9027  3+[ 2, 1, 1]
  81   15.014001  -28.786294   0.99923117   0.02771717   1.2150   0.9686  3-[ 1, 0, 1]
  82   59.711548   59.709295   0.00000000   0.00000000   0.5478   0.7669  5+[ 8, 0, 2]
  84   55.810709   55.808535   0.00000000   0.00000000   0.5222   0.6068  5+[ 8, 4, 2]
  85   56.869624   56.867580   0.00000000   0.00000000   0.5105   0.9231  5+[ 8, 1, 3]
  86   59.522192   59.520637   0.00000000   0.00000000   0.4546   0.8143  5+[ 8, 3, 3]
  87   43.592833   43.591995   0.00000691   0.00262882   0.2909   0.5357  5+[ 8, 2, 2]
  88   37.015066   37.011774   0.00001144   0.00338211   0.5377   0.8156  5+[ 6, 0, 2]
  89   38.427814   38.426739   0.00001186   0.00344391   0.3122   0.8905  5-[ 7, 0, 3]
  90   37.645832   37.642288   0.00001325   0.00363986   0.5619   0.6936  5+[ 6, 1, 3]
  91   42.439203   42.437575   0.00001649   0.00406107   0.4008   0.6845  5-[ 7, 2, 3]
  92   50.516850   50.514702   0.00001816   0.00426154   0.4966   0.5691  5+[ 8, 4, 2]
  93   40.380252   40.378497   0.00001856   0.00430781   0.4074   0.7539  5-[ 7, 1, 2]
  94   37.262178   37.256990   0.00002543   0.00504321   0.6770   0.6847  5+[ 6, 2, 2]
  95   43.310139   43.307516   0.00002612   0.00511072   0.5133   0.8413  5-[ 7, 3, 2]
  96   51.189184   51.185695   0.00003002   0.00547921   0.6366   0.7634  5-[ 7, 4, 3]
  97   44.151445   44.143479   0.00003242   0.00569398   0.9018   0.7520  5+[ 6, 3, 3]
  98   40.350001   40.345484   0.00004780   0.00691349   0.6534   0.7168  5-[ 7, 5, 2]
  99   41.991757   41.982906   0.00009050   0.00951294   0.9303   0.8807  5-[ 5, 0, 3]
 100   33.241347   33.229974   0.00014165   0.01190098   0.9555   0.8340  5-[ 5, 1, 2]
 101   38.475770   38.461101   0.00016096   0.01268614   1.1537   0.5970  5+[ 6, 4, 2]
 102   38.545545   38.529186   0.00017997   0.01341413   1.2193   0.8065  5-[ 5, 2, 3]
 103   17.706114   17.689958   0.00032450   0.01801092   0.8916   0.9305  5+[ 4, 0, 2]
 104   22.229511   22.205234   0.00041665   0.02040786   1.1891   0.7577  5-[ 5, 3, 2]
 105   19.263077   19.235838   0.00050803   0.02253387   1.1936   0.9031  5+[ 4, 1, 3]
 106    6.095976    6.043420   0.00201000   0.04478797   1.1677   0.8708  5+[ 4, 2, 2]
 107    3.675742    3.612837   0.00297318   0.05444572   1.1519   0.9496  5-[ 3, 0, 3]
 108   -5.739423   -6.651554   0.39195234   0.48818614   1.1361   0.9312  5-[ 3, 1, 2]
 109    3.539628  -17.279658   0.99683052   0.05620883   1.1719   0.9722  5+[ 2, 0, 2]
 111   56.695277   56.693246   0.00000000   0.00000000   0.5083   0.6703  7+[ 8, 1, 3]
 112   57.150387   57.148904   0.00000000   0.00000000   0.4359   0.8224  7+[ 8, 2, 4]
 113   58.156564   58.154520   0.00000000   0.00000000   0.5157   0.9269  7+[ 8, 0, 4]
 114   43.321248   43.320477   0.00000652   0.00255330   0.2784   0.4851  7+[ 8, 3, 3]
 115   39.790040   39.786896   0.00000886   0.00297589   0.5419   0.9290  7+[ 6, 0, 4]
 116   42.137368   42.136047   0.00001347   0.00367010   0.3600   0.8270  7-[ 7, 1, 4]
 117   39.074415   39.072965   0.00001577   0.00397093   0.3651   0.8927  7-[ 7, 0, 3]
 118   50.511323   50.509189   0.00001711   0.00413653   0.4950   0.6598  7+[ 8, 5, 3]
 119   38.763434   38.758782   0.00002003   0.00447577   0.6518   0.7916  7+[ 6, 1, 3]
 120   41.242465   41.240421   0.00002123   0.00460756   0.4437   0.8694  7-[ 7, 2, 3]
 121   51.934168   51.930925   0.00002755   0.00524913   0.6177   0.8688  7-[ 7, 3, 4]
 122   45.401022   45.393365   0.00002830   0.00531931   0.8949   0.8543  7+[ 6, 2, 4]
 123   40.622960   40.618713   0.00004468   0.00668433   0.6354   0.8266  7-[ 7, 4, 3]
 124   36.038486   36.028281   0.00011883   0.01090022   0.9361   0.9160  7-[ 5, 0, 3]
 125   39.093355   39.079133   0.00015413   0.01241401   1.1438   0.7186  7+[ 6, 3, 3]
 126   40.160079   40.144870   0.00016158   0.01271035   1.1964   0.8708  7-[ 5, 1, 4]
 127   23.215255   23.191927   0.00038726   0.01967514   1.1852   0.8662  7-[ 5, 2, 3]
 128   20.985701   20.963060   0.00039049   0.01975694   1.1236   0.9525  7+[ 4, 0, 4]
 129    7.090593    7.043511   0.00166681   0.04079259   1.1469   0.9587  7+[ 4, 1, 3]
 130   -5.182718   -5.559358   0.10947069   0.31222886   1.0742   0.9838  7-[ 3, 0, 3]
 132   57.062829   57.061413   0.00000000   0.00000000   0.4256   0.9162  9+[ 8, 1, 5]
 133   53.609876   53.608070   0.00000000   0.00000000   0.4675   0.9238  9+[ 8, 0, 4]
 134   42.969315   42.968652   0.00000598   0.00244445   0.2572   0.6855  9+[ 8, 2, 4]
 135   41.446123   41.445084   0.00001074   0.00327709   0.3169   0.8990  9-[ 7, 0, 5]
 136   39.627484   39.623404   0.00001429   0.00377981   0.6162   0.9023  9+[ 6, 0, 4]
 137   50.825235   50.823290   0.00001610   0.00401295   0.4739   0.8147  9+[ 8, 4, 4]
 138   39.869180   39.867583   0.00001707   0.00413115   0.3864   0.9043  9-[ 7, 1, 4]
 139   46.545419   46.538398   0.00002336   0.00483307   0.8663   0.9179  9+[ 6, 1, 5]
 140   52.355469   52.352553   0.00002460   0.00495986   0.5878   0.9310  9-[ 7, 2, 5]
 141   41.035845   41.031937   0.00004076   0.00638417   0.6121   0.9065  9-[ 7, 3, 4]
 142   42.013760   42.000721   0.00013327   0.01154368   1.1294   0.8946  9-[ 5, 0, 5]
 143   39.873855   39.860369   0.00014386   0.01199310   1.1232   0.8000  9+[ 6, 2, 4]
 144   24.425208   24.403645   0.00034415   0.01854807   1.1622   0.9243  9-[ 5, 1, 4]
 145    8.422531    8.384103   0.00123436   0.03511173   1.0846   0.9886  9+[ 4, 0, 4]
 147   56.600897   56.599592   0.00000000   0.00000000   0.4071   0.9522 11+[ 8, 0, 6]
 148   42.594818   42.594291   0.00000528   0.00229762   0.2284   0.8121 11+[ 8, 1, 5]
 149   39.106002   39.104754   0.00001356   0.00368206   0.3388   0.9256 11-[ 7, 0, 5]
 150   52.047827   52.046114   0.00001451   0.00380943   0.4494   0.8961 11+[ 8, 3, 5]
 151   47.568443   47.562496   0.00001775   0.00421297   0.8048   0.9552 11+[ 6, 0, 6]
 152   52.682944   52.680420   0.00002118   0.00460194   0.5484   0.9679 11-[ 7, 1, 6]
 153   41.548575   41.545074   0.00003613   0.00601060   0.5824   0.9587 11-[ 7, 2, 5]
 154   40.837702   40.825350   0.00012923   0.01136740   1.0859   0.8430 11+[ 6, 1, 5]
 155   25.898409   25.879863   0.00028271   0.01681166   1.1029   0.9347 11-[ 5, 0, 5]
 157   42.066858   42.066446   0.00000421   0.00205260   0.2011   0.8420 13+[ 8, 0, 6]
 158   52.620574   52.619048   0.00001281   0.00357852   0.4262   0.9477 13+[ 8, 2, 6]
 159   53.068084   53.066011   0.00001728   0.00415722   0.4986   0.9879 13-[ 7, 0, 7]
 160   42.123539   42.120511   0.00003089   0.00555772   0.5450   0.9879 13-[ 7, 1, 6]
 161   41.973300   41.962678   0.00010865   0.01042275   1.0189   0.8511 13+[ 6, 0, 6]
 163   53.187072   53.185754   0.00001096   0.00331019   0.3980   0.9808 15+[ 8, 1, 7]
 164   42.770835   42.768345   0.00002507   0.00500718   0.4975   1.0000 15-[ 7, 0, 7]
 165   53.752768   53.751677   0.00000900   0.00299934   0.3639   1.0000 17+[ 8, 0, 8]
  Sum canonical e_v*V^2_k=  -462.18300337050567     

  NB! From expect (UNPROJECTED RESULTS)

  pairing: CpV0,CpV1,...        -190.000000    -190.000000       0.000000       0.000000
  forces:   SIII                          


                             neutrons         protons         total
  Requested part.numbs.      26.000000      24.000000      50.000000
  UnPj(av) part.numbs .      26.000000      24.000000      50.000000
  b0, bz, bp ..........       1.762186       1.762186       1.762186

  lambda (ala) ........     -12.230542      -6.902997
  Lambda (alast) ......     -12.230542      -6.902997
  delta(n,p), pwi .....       1.090160       1.177298      60.000000
  pairing energy ......      -3.305900      -3.934123      -7.240023

  rms-radius ..........       3.590000       3.594899       3.592352
  charge-radius, r0 ...                      3.687753       4.420982
  deformation beta2....       0.121138       0.124692       0.122846
  dipole moment[fm] ...      -0.000000       0.000000      -0.000000
  quadrupole moment[b]        0.512097       0.487903       1.000000
  octupole moment .....      -0.000000       0.000000      -0.000000
  hexadecapole moment .       0.004025       0.004967       0.008992
  q5 ..................       0.000000       0.000000       0.000000
  q6 ..................       0.000101       0.000097       0.000198
  q7 ..................       0.000000       0.000000       0.000000
  q8 ..................       0.000002       0.000001       0.000002

  <Jx^2> from rho .....       5.457653       8.169300      13.626953
  <Jx^2> from kappa ...      -4.122052      -6.828381     -10.950433
  <J^2> = 2*<Jx^2> ....       2.671201       2.681838       5.353039

  kinetic energy ......     465.602515     405.844323     871.446838
  volume energy .......                                 -1476.073906
        rho_tau .......                                   193.804219
        rho_rho .......                                 -1669.878125
  surface energy ......                                   119.658083
   rho_DELTA_rho ......                                   119.658083
   (NABLA_rho)^2 ......                                     0.000000
  spin-orbit energy ...                                   -37.729251
        rho_NABLA_J ...                                   -37.729251
        NABLA_rho_J ...                                     0.000000
  coulomb energy ......                                    99.370930
          direct ......                                   108.515145
          exchange ....                                    -9.144215
          pairing .....                                     0.000000
  tensor energy .......                                     0.000000
  direct Hartree E  ...                                     0.000000
  Extra E .............                                     0.000000
  External field E ....                                     0.000000
  Entropy .............       0.000000       0.000000       0.000000

  tEnergy: ehfb (qp)...                                  -430.567329

  Calculated but not added corrections
  ====================================
  cmc-diagonal part ...       9.502092       8.282537      17.784629
  cmc-hfb .............       0.000000       0.000000       0.000000
  cranking rot corr ...       0.000000       0.000000       0.000000

  SQUJ ................       0.000000       0.000000       0.000000
  CRAN x 4 ............       0.000000       0.000000       0.000000
  Rigit Body ..........       0.000000       0.000000       0.000000


   Blocking candidates are:
   neutron eqpmin=   1.1135095612149180       pwiblo=   1.0000000000000000     
    num=   1 block=   4 state=   1    98 Eqp=   1.11350956  (1-2N)E=   0.33737977  overl=   0.79199813  7-[ 3, 0, 3]
    num=   2 block=   3 state=   1    73 Eqp=   1.22380098  (1-2N)E=  -0.65255940  overl=   0.81616409  5-[ 3, 1, 2]
    num=   3 block=   2 state=   1    41 Eqp=   1.77238422  (1-2N)E=  -1.46472597  overl=   0.78060464  3-[ 3, 2, 1]

   Blocking candidates are:
   proton  eqpmin=   1.1499951993990618       pwiblo=   1.0000000000000000     
    num=   1 block=   3 state=   1    68 Eqp=   1.14999520  (1-2N)E=   0.24896328  overl=   0.72157461  5-[ 3, 1, 2]
    num=   2 block=   2 state=   1    38 Eqp=   1.23608223  (1-2N)E=  -0.46969196  overl=   0.67194719  3-[ 3, 2, 1]
    num=   3 block=   1 state=   1     1 Eqp=   1.43808105  (1-2N)E=  -0.87317636  overl=   0.52243584  1-[ 3, 3, 0]
    num=   4 block=   4 state=   1    91 Eqp=   1.67828613  (1-2N)E=   1.31140341  overl=   0.92312563  7-[ 3, 0, 3]


   pj/unpj  s=    0.26000000D+02   0.26000000D+02   pj/unpj sd=   -0.35660499D-13  -0.15472358D-13 ala1= -0.14685100D+02 inner=  14
   pj/unpj  s=    0.24000000D+02   0.24000000D+02   pj/unpj sd=   -0.22940183D-13  -0.23433269D-13 ala1= -0.37522000D+01 inner=  20
Norm overlap:     0.22800090037524    0.00000000000000

  NB! From expectpj (PNP PAV RESULTS)

  pairing: CpV0,CpV1,pwi...     -190.000000    -190.000000       0.000000       0.000000      60.000000
  forces:   SIII                          ,  Gauge points:   15   15


                             neutrons         protons         total
  Requested part.numbs.      26.000000      24.000000      50.000000
  Projected part.numbs.      26.000000      24.000000      50.000000
  Dispersion dN2 ......       2.451348       3.174821
  b0, bz, bp ..........       1.762186       1.762186       1.762186

  lambda (ala) ........     -12.230542      -6.902997
  Lambda (alast) ......     -12.230542      -6.902997
  delta(n,p) ..........       0.142885       0.178904
  pairing energy ......      -2.736917      -3.624570      -6.361487

  rms-radius ..........       3.590794       3.595492       3.593050
  charge-radius, r0 ...                      3.688332       4.420982
  deformation beta2 ...       0.131111       0.134088       0.132542
  quadrupole moment[b]        0.554502       0.524842       1.079345
  hexadecapole moment .       0.002769       0.006516       0.009285

  kinetic energy ......     464.571644     404.879388     869.451032
  cmc-diagonal part ...       9.481054       8.262845      17.743899
  cmc-PAV .............       0.000000       0.000000       0.000000

  volume energy .......                                 -1477.742303
        rho_tau .......                                   193.426731
        rho_rho .......                                 -1671.169035
  volume energy .......                                 -1477.742303
  surface energy ......                                   119.962246
  spin-orbit energy ...                                   -37.614560
  coulomb direct ......                                   108.051319
  coulomb exchange ....                                    -9.137136
  tensor energy .......                                     0.000000

  Energy: ehfb(qp) ....                                  -430.567329
  Energy: ehfb(can,pj).                                  -430.698435
  ehfb(qp)-ehfb(can,pj)                                     0.131106
  Epj-ehfb(can,pj) ....                                    -2.692454
  Energy: Epj=E(PAV) ..                                  -433.390889


 HFBTHO_SOLVER ended without errors

