Distributed parallelism with MPI     : 1 tasks/HFBTHO
Multi-threading framework with OpenMP: 4 threads/task

  ==========================================
           FORTRAN 95 CODE (KIND= 8) 
 git: parent: 3cae9cc3ec7a0c93cd724b300dc0d972f613f33e
  ==========================================
       AXIALLY DEFORMED CONFIGURATIONAL     
     HARTREE-FOCK-BOGOLIUBOV CALCULATIONS   
                     WITH                   
      SKYRME+DELTA PAIRING OR GOGNY EDFs    
                  USING THE                 
             HARMONIC-OSCILLATOR            
                    AND/OR                  
        TRANSFORMED HARMONIC-OSCILLATOR     
                    BASIS                   
                     ---                    
                v1.66  (2005)               
    Stoitsov, Dobaczewski, Nazarewicz, Ring 
                v2.00d (2012)               
        Stoitsov, Schunck, Kortelainen      
                v3.00  (2016)               
            Schunck, Navarro Perez          
  ==========================================
    Nucleus: Cr (A=  50, N= 26, Z= 24)
       Reflection Symmetry Imposed       
            (10/12/2021,  8: 4)                               
  ==========================================


  ---------------------------------------
           UNEDF Module Version: 17
         M.Kortelainen & M.Stoitsov 
  ---------------------------------------

  D1S functional
  ----------------------------------------
  Crho(0)=    0.00000000000000000    ; Crho(1)=   -0.00000000000000000    
  CDrho(0)=   521.474999999999909    ; CDrho(1)=  -521.474999999999909    
  Ctau(0)=    0.00000000000000000    ; Ctau(1)=    0.00000000000000000    
  CrDr(0)=    0.00000000000000000    ; CrDr(1)=    0.00000000000000000    
  CrdJ(0)=   -97.5000000000000000    ; CrdJ(1)=   -32.5000000000000000    
  CJ(0)=     -0.00000000000000000    ; CJ(1)=     -0.00000000000000000    
  CpV0(0)=    0.00000000000000000    ; CpV0(1)=    0.00000000000000000    
  CpV1(0)=    0.00000000000000000    ; CpV1(1)=    0.00000000000000000    
  sigma=     0.333333333333333315    ; hbzero=     20.7366762293157905    
  functional has DME couplings: F
  use 3-Nucleon DME couplings: F

  Finite-range potential
  ----------------------------------------
  mu=      0.699999999999999956      1.199999999999999956
  W=  -1720.299999999999954525    103.640000000000000568
  B=   1300.000000000000000000   -163.479999999999989768
  H=  -1813.529999999999972715    162.810000000000002274
  M=   1397.599999999999909051   -223.930000000000006821
  e^2 chrg=   1.43997840859651349    ; CExPar=     1.00000000000000000    
  c.m. correction: T, chr. density in direct Coul: F
  use tensor terms: F

  Nuclear matter properties
  ----------------------------------------
  E_NM=      -16.0074988556065847    ; K_NM=        202.840551721048712    
  P_NM=     -0.177635683940025046E-14; RHO_NM=     0.163262821017343407    
  ASS_NM=     31.1251088547752488    ; LASS_NM=     22.4414136723446234    
  SMASS_NM=   1.38541191875797787    ; VMASS_NM=    1.78603107194230937    

  Associated (t,x)-coupling constants
  ----------------------------------------
  t3=       8343.59999999999854    ; x3=        1.00000000000000000    
  b4=       65.0000000000000000    ; b4p=       65.0000000000000000    
  te=       0.00000000000000000    ; to=        0.00000000000000000    
  sigma=   0.333333333333333315    ; hbzero=    20.7366762293157905    

  ---------------------------------------
        Characteristics of the run       
  ---------------------------------------
  Output file ................:    57
  Nucleus ....................:   Cr  50
  Number of HO shells ........:     8
  HO length b0 (fm) ..........:     1.76223445103162
  Basis deformation ..........:  beta0=   0.000 q=   1.000
  HO: b0,1/b0,bp,bz,q ........:   0.17622345E+01  0.56746138E+00  0.17622345E+01  0.17622345E+01  0.10000000E+01
  h**2/(2m_n), cmc, e**2 .....:   0.20736676E+02  0.20321943E+02  0.14399784E+01
  h**2/(2m_p), cmc, e**2 .....:   0.20736676E+02  0.20321943E+02  0.14399784E+01
  hom=f*41.0_pr*A^{-1/3}, f...:   0.13354935E+02  0.12000000E+01
  THO basis is ...............:  OFF
  Maximal number of iterations:   200
  Initial mixing parameter ...:  0.300
  Initial wave functions from :  tape
  Energy functional ..........:    D1S                           
    with a finite-range central force
    without Coulomb forces
  Pairing cutoff energy ......:    60.00 MeV
  Lipkin-Nogami procedure is .:  OFF
  PAV procedure is ...........:  OFF
  Constraint calculation is ..:  OFF
  Temperature T ..............:   0.00 MeV
  Pairing regularization is ..:  OFF
  Collective inertia is ......:  OFF
  Fission fragments are ......:  OFF
  Restart indicator ..........:  -1
  Broyden mixing (#iterations):   7

  ---------------------------------------
        Harmonic Oscillator Basis        
  ---------------------------------------
  NUV, NQP:                        2501     165
  Comparison with bookkeeping spherical basis:
  n00:                                8       8  Maximal number of shells
  nbx, 2*n00+1:                      17      17  Maximal number of K-blocks
  ntx, (n00+1)*(n00+2)*(n00+3)/6    165     165  Max.num. p/n levels
  nzx, n00:                           8       8  Maximal nz-quantum number
  nrx, n00/2  :                       4       4  Maximal nr-quantum number
  nlx, n00:                           8       8  Maximal ml-quantum number
  ndx, (n00+2)*(n00+2)/4:            25      25  Maximal dim. of one k-block

  Actual basis used
  Number of blocks: nb .......:   17
  Number of levels: nt .......:  165
  Maximal 2*omega : nom ......:   17
  Maximal nz:       nzm ......:    8
  Maximal nr:       nrm ......:    4
  Maximal ml:       nlm ......:    8
  Maximal N=nz+2*nr+nl .......:    8
  2 x biggest block dim. .....:   50
  Non-zero elements of h .....:     1333
  Number of Broyden elements .:     5332

  ---------------------------------------
            Integration Meshes           
  ---------------------------------------
  Number of Gauss-Hermite mesh points ngh ....:  40
  Number of Gauss-Laguerre mesh points ngl ...:  40
  Number of Gauss-Legendre mesh points nleg ..:  80
  Integration boundaries
    Hermite  - from xh(1)  =  0.12379686 to xh(ngh)   = 11.88786356
    Laguerre - From xl(1)  =  0.03570039 to xl(ngl)   =142.28004447
    Legendre - From xleg(1)=  0.00978669 to xleg(nleg)=  0.99988775
  Max.dev.in:     Orthogonality            Normalization
  Hermite     1.5150139407621233E-015   1.0658141036401503E-014
  Laguerre    3.9269815531613043E-015   7.9936057773011271E-015

  Calculating the finite range matrix elements
  Matrix elements wall clock time         0.0560

  Reading from wel_file: hfbtho_output.hel


  ### REGULAR STAGE (reflection symmetry imposed)
  |HFB+HO> iterations(b0=  1.762, Nsh=  8, inin= -1, N= 26, Z= 24)...
  ----------------------------------------------------------------------------------------------------------------------------------
  i          si     mix   beta      Etot       A       rn      rp         En      Dn      Ep      Dp        Ln      Lp     time  time(Gog.)
  ----------------------------------------------------------------------------------------------------------------------------------
   0N   0.00000000 0.24 -0.000  -542.724908   50.0   3.520   3.482 |   -5.438   1.800  -6.995   2.083 |  -12.176 -14.870   0.000   0.013
   1B   0.00000000 0.20 -0.000  -542.724908   50.0   3.520   3.482 |  -10.877   3.600 -13.989   4.166 |  -12.176 -14.870   0.127   0.013
   2B   0.00000000 0.20 -0.000  -542.724908   50.0   3.520   3.482 |  -10.877   3.600 -13.989   4.166 |  -12.176 -14.870   0.111   0.013
   3B   0.00000001 0.20 -0.000  -542.724908   50.0   3.520   3.482 |  -10.877   3.600 -13.989   4.166 |  -12.176 -14.870   0.108   0.014
   4B   0.00000001 0.20 -0.000  -542.724909   50.0   3.520   3.482 |  -10.877   3.600 -13.989   4.166 |  -12.176 -14.870   0.108   0.013
   5B   0.00000000 0.22 -0.000  -542.724908   50.0   3.520   3.482 |  -10.877   3.600 -13.989   4.166 |  -12.176 -14.870   0.087   0.013
   5N   0.00000000 0.22 -0.000  -542.724908   50.0   3.520   3.482 |  -10.877   3.600 -13.989   4.166 |  -12.176 -14.870   0.100   0.013
  ----------------------------------------------------------------------------------------------------------------------------------
  *   iteration converged   after   5 steps   si=     0.0000000003 ho=  0 tho=  0
  ----------------------------------------------------------------------------------------------------------------------------------
  Total CPU time=   0.011 minutes


 #quasiparticle energies neutrons
 --------------------------------
  eqp(k) -> q.p. energy 
  e(k)   -> referent s.p. energy 
  p(k)   -> occ.probability 
  del(k) -> referent s.p. gap 
  fermi energy alast=  -12.175926855698105     
  #k  block#    eqp(k)     e(k)       (1-2N)E      decay        p(k)        del(k)    overl      labels
   1    1     8.744807  -20.716577   -8.540650    2.029251    0.98832697   1.8785   0.7617  1+[ 2, 1, 1]
   2    1     9.178008  -21.219048   -9.043121    2.050153    0.99265161   1.5677   0.7736  1+[ 2, 0, 0]
   3    1    12.183874   -0.050930   12.124997    2.189698    0.00241619   1.1963   0.6071  1+[ 4, 2, 0]
   4    1    15.056602  -27.077171  -14.901244    2.315215    0.99484088   2.1574   0.6212  1+[ 2, 1, 1]
   5    1    16.803819    4.585884   16.761811    2.388332    0.00124995   1.1874   0.5261  1+[ 4, 4, 0]
   6    1    18.204853    6.019694   18.195621    2.445383    0.00025357   0.5797   0.5952  1+[ 4, 0, 0]
   7    1    18.862639    6.677979   18.853906    2.471714    0.00023148   0.5739   0.5112  1+[ 4, 1, 1]
   8    1    22.221434   10.022927   22.198854    2.602016    0.00050808   1.0015   0.5067  1+[ 4, 3, 1]
   9    1    35.273122   23.092608   35.268535    3.056055    0.00006503   0.5689   0.4140  1+[ 6, 5, 1]
  10    1    35.672841   23.493394   35.669321    3.068900    0.00004935   0.5012   0.5155  1+[ 6, 4, 0]
  11    1    35.917455   23.724433   35.900360    3.076735    0.00023798   1.1080   0.4060  1+[ 6, 6, 0]
  12    1    38.144758   25.953827   38.129754    3.147173    0.00019668   1.0698   0.4441  1+[ 6, 0, 0]
  13    1    38.764442   26.573234   38.749161    3.166492    0.00019710   1.0883   0.3479  1+[ 6, 3, 1]
  14    1    42.107021   29.922073   42.098000    3.268730    0.00010712   0.8716   0.3980  1+[ 6, 5, 1]
  15    1    43.293613   31.116068   43.291995    3.304263    0.00001869   0.3744   0.4983  1+[ 6, 3, 1]
  16    1    44.826153  -56.942377  -44.766450    3.349598    0.99933406   2.3128   0.9789  1+[ 0, 0, 0]
  17    1    58.471349   46.294214   58.470141    3.729023    0.00001033   0.3758   0.4619  1+[ 8, 2, 0]
  18    1    58.844110   46.667945   58.843872    3.738848    0.00000202   0.1672   0.5258  1+[ 8, 4, 0]
  19    1    65.833784   53.657272   65.833199    3.918517    0.00000445   0.2776   0.3834  1+[ 8, 1, 1]
  20    1    68.667188   56.489769   68.665696    3.989045    0.00001086   0.4527   0.4173  1+[ 8, 8, 0]
  21    1    69.654115   57.477986   69.653913    4.013320    0.00000146   0.1681   0.4988  1+[ 8, 5, 1]
  22    1    72.720220   60.542372   72.718299    4.087816    0.00001321   0.5286   0.3629  1+[ 8, 3, 1]
  23    1    72.728646   60.552117   72.728044    4.088019    0.00000414   0.2958   0.4108  1+[ 8, 1, 1]
  24    1    73.615029   61.434638   73.610565    4.109303    0.00003032   0.8107   0.5196  1+[ 8, 0, 0]
  25    1    76.259009   64.081375   76.257302    4.172144    0.00001119   0.5103   0.3827  1+[ 8, 2, 0]
  26    2     1.838581  -13.073144   -0.897217    1.660873    0.74399703   1.6048   0.4980  1-[ 3, 1, 0]
  27    2     5.044182   -7.239745    4.936181    1.841049    0.01070549   1.0382   0.5954  1-[ 3, 3, 0]
  28    2     7.393949   -4.861702    7.314225    1.962644    0.00539119   1.0829   0.6843  1-[ 3, 0, 1]
  29    2     8.714015   -3.597040    8.578887    2.027757    0.00775350   1.5286   0.6508  1-[ 3, 2, 1]
  30    2    24.302306   12.112651   24.288578    2.679565    0.00028244   0.8167   0.5789  1-[ 5, 3, 0]
  31    2    26.848689  -37.992205  -25.816279    2.771512    0.98077355   7.3737   0.8003  1-[ 1, 0, 1]
  32    2    27.507943   15.325414   27.501341    2.794824    0.00012000   0.6026   0.4951  1-[ 5, 1, 0]
  33    2    27.843601   14.267142   26.443069    2.806618    0.02514999   8.7195   0.4427  1-[ 5, 5, 0]
  34    2    29.811503   16.589405   28.765332    2.874796    0.01754644   7.8282   0.5440  1-[ 5, 0, 1]
  35    2    29.986602  -40.576891  -28.400964    2.880784    0.97356090   9.6219   0.7918  1-[ 1, 1, 0]
  36    2    31.690046   19.505760   31.681686    2.938402    0.00013190   0.7279   0.4780  1-[ 5, 4, 1]
  37    2    34.363367   22.180834   34.356761    3.026616    0.00009612   0.6738   0.5049  1-[ 5, 2, 1]
  38    2    48.065567   35.888557   48.064484    3.443462    0.00001126   0.3226   0.5109  1-[ 7, 3, 0]
  39    2    50.779237   38.600853   50.776780    3.520165    0.00002419   0.4995   0.4416  1-[ 7, 2, 1]
  40    2    55.314401   43.136457   55.312384    3.644753    0.00001823   0.4723   0.4536  1-[ 7, 1, 0]
  41    2    59.095144   46.917897   59.093824    3.745450    0.00001117   0.3950   0.4128  1-[ 7, 7, 0]
  42    2    59.400124   47.221573   59.397500    3.753455    0.00002209   0.5584   0.4095  1-[ 7, 6, 1]
  43    2    60.963688   48.786900   60.962826    3.794231    0.00000707   0.3242   0.5462  1-[ 7, 4, 1]
  44    2    62.416663   50.239454   62.415381    3.831733    0.00001027   0.4001   0.5501  1-[ 7, 0, 1]
  45    2    64.126733   51.947096   64.123023    3.875406    0.00002893   0.6898   0.4447  1-[ 7, 2, 1]
  46    3     8.744807  -20.716577   -8.540650    2.029251    0.98832697   1.8785   0.8796  3+[ 2, 0, 2]
  47    3    12.183874   -0.050930   12.124997    2.189698    0.00241619   1.1963   0.6071  3+[ 4, 3, 1]
  48    3    15.056602  -27.077171  -14.901244    2.315215    0.99484088   2.1574   0.8785  3+[ 2, 1, 1]
  49    3    16.803819    4.585884   16.761811    2.388332    0.00124995   1.1874   0.6075  3+[ 4, 1, 1]
  50    3    18.862639    6.677979   18.853906    2.471714    0.00023148   0.5739   0.7229  3+[ 4, 0, 2]
  51    3    22.221434   10.022927   22.198854    2.602016    0.00050808   1.0015   0.6798  3+[ 4, 2, 2]
  52    3    35.273122   23.092608   35.268535    3.056055    0.00006503   0.5689   0.5070  3+[ 6, 5, 1]
  53    3    35.672841   23.493394   35.669321    3.068900    0.00004935   0.5012   0.5953  3+[ 6, 3, 1]
  54    3    35.917455   23.724433   35.900360    3.076735    0.00023798   1.1080   0.4193  3+[ 6, 3, 1]
  55    3    38.764442   26.573234   38.749161    3.166492    0.00019710   1.0883   0.5682  3+[ 6, 0, 2]
  56    3    42.107021   29.922073   42.098000    3.268730    0.00010712   0.8716   0.4136  3+[ 6, 4, 2]
  57    3    43.293613   31.116068   43.291995    3.304263    0.00001869   0.3744   0.4764  3+[ 6, 2, 2]
  58    3    58.471349   46.294214   58.470141    3.729023    0.00001033   0.3758   0.4455  3+[ 8, 7, 1]
  59    3    58.844110   46.667945   58.843872    3.738848    0.00000202   0.1672   0.5258  3+[ 8, 5, 1]
  60    3    65.833784   53.657272   65.833199    3.918517    0.00000445   0.2776   0.4696  3+[ 8, 1, 1]
  61    3    68.667188   56.489769   68.665696    3.989045    0.00001086   0.4527   0.4233  3+[ 8, 3, 1]
  62    3    69.654115   57.477986   69.653913    4.013320    0.00000146   0.1681   0.5737  3+[ 8, 4, 2]
  63    3    72.720220   60.542372   72.718299    4.087816    0.00001321   0.5286   0.6246  3+[ 8, 0, 2]
  64    3    72.728646   60.552117   72.728044    4.088019    0.00000414   0.2958   0.4125  3+[ 8, 4, 2]
  65    3    76.259009   64.081375   76.257302    4.172144    0.00001119   0.5103   0.4764  3+[ 8, 6, 2]
  66    4     1.838581  -13.073144   -0.897217    1.660873    0.74399703   1.6048   0.6429  3-[ 3, 2, 1]
  67    4     5.044182   -7.239745    4.936181    1.841049    0.01070549   1.0382   0.8421  3-[ 3, 0, 1]
  68    4     8.714015   -3.597040    8.578887    2.027757    0.00775350   1.5286   0.8135  3-[ 3, 1, 2]
  69    4    24.302306   12.112651   24.288578    2.679565    0.00028244   0.8167   0.5931  3-[ 5, 2, 1]
  70    4    27.507943   15.325414   27.501341    2.794824    0.00012000   0.6026   0.5535  3-[ 5, 4, 1]
  71    4    27.843601   14.267142   26.443069    2.806618    0.02514999   8.7195   0.6859  3-[ 5, 0, 1]
  72    4    29.986602  -40.576891  -28.400964    2.880784    0.97356090   9.6219   0.9697  3-[ 1, 0, 1]
  73    4    31.690046   19.505760   31.681686    2.938402    0.00013190   0.7279   0.5974  3-[ 5, 1, 2]
  74    4    34.363367   22.180834   34.356761    3.026616    0.00009612   0.6738   0.5890  3-[ 5, 3, 2]
  75    4    48.065567   35.888557   48.064484    3.443462    0.00001126   0.3226   0.5794  3-[ 7, 4, 1]
  76    4    50.779237   38.600853   50.776780    3.520165    0.00002419   0.4995   0.5225  3-[ 7, 2, 1]
  77    4    55.314401   43.136457   55.312384    3.644753    0.00001823   0.4723   0.4629  3-[ 7, 6, 1]
  78    4    59.095144   46.917897   59.093824    3.745450    0.00001117   0.3950   0.6837  3-[ 7, 0, 1]
  79    4    59.400124   47.221573   59.397500    3.753455    0.00002209   0.5584   0.5287  3-[ 7, 1, 2]
  80    4    60.963688   48.786900   60.962826    3.794231    0.00000707   0.3242   0.5794  3-[ 7, 3, 2]
  81    4    64.126733   51.947096   64.123023    3.875406    0.00002893   0.6898   0.5167  3-[ 7, 5, 2]
  82    5    12.183874   -0.050930   12.124997    2.189698    0.00241619   1.1963   0.8031  5+[ 4, 2, 2]
  83    5    15.056602  -27.077171  -14.901244    2.315215    0.99484088   2.1574   0.9822  5+[ 2, 0, 2]
  84    5    16.803819    4.585884   16.761811    2.388332    0.00124995   1.1874   0.8319  5+[ 4, 0, 2]
  85    5    22.221434   10.022927   22.198854    2.602016    0.00050808   1.0015   0.7931  5+[ 4, 1, 3]
  86    5    35.273122   23.092608   35.268535    3.056055    0.00006503   0.5689   0.5195  5+[ 6, 4, 2]
  87    5    35.672841   23.493394   35.669321    3.068900    0.00004935   0.5012   0.5647  5+[ 6, 4, 2]
  88    5    35.917455   23.724433   35.900360    3.076735    0.00023798   1.1080   0.6630  5+[ 6, 0, 2]
  89    5    42.107021   29.922073   42.098000    3.268730    0.00010712   0.8716   0.5572  5+[ 6, 1, 3]
  90    5    43.293613   31.116068   43.291995    3.304263    0.00001869   0.3744   0.6189  5+[ 6, 3, 3]
  91    5    58.471349   46.294214   58.470141    3.729023    0.00001033   0.3758   0.5647  5+[ 8, 6, 2]
  92    5    58.844110   46.667945   58.843872    3.738848    0.00000202   0.1672   0.6017  5+[ 8, 4, 2]
  93    5    65.833784   53.657272   65.833199    3.918517    0.00000445   0.2776   0.4649  5+[ 8, 4, 2]
  94    5    68.667188   56.489769   68.665696    3.989045    0.00001086   0.4527   0.7054  5+[ 8, 0, 2]
  95    5    69.654115   57.477986   69.653913    4.013320    0.00000146   0.1681   0.5760  5+[ 8, 3, 3]
  96    5    72.728646   60.552117   72.728044    4.088019    0.00000414   0.2958   0.5534  5+[ 8, 1, 3]
  97    5    76.259009   64.081375   76.257302    4.172144    0.00001119   0.5103   0.5053  5+[ 8, 5, 3]
  98    6     1.838581  -13.073144   -0.897217    1.660873    0.74399703   1.6048   0.7874  5-[ 3, 1, 2]
  99    6     8.714015   -3.597040    8.578887    2.027757    0.00775350   1.5286   0.8911  5-[ 3, 0, 3]
 100    6    24.302306   12.112651   24.288578    2.679565    0.00028244   0.8167   0.6849  5-[ 5, 3, 2]
 101    6    27.507943   15.325414   27.501341    2.794824    0.00012000   0.6026   0.6779  5-[ 5, 1, 2]
 102    6    31.690046   19.505760   31.681686    2.938402    0.00013190   0.7279   0.7557  5-[ 5, 0, 3]
 103    6    34.363367   22.180834   34.356761    3.026616    0.00009612   0.6738   0.7271  5-[ 5, 2, 3]
 104    6    48.065567   35.888557   48.064484    3.443462    0.00001126   0.3226   0.6107  5-[ 7, 3, 2]
 105    6    50.779237   38.600853   50.776780    3.520165    0.00002419   0.4995   0.6008  5-[ 7, 5, 2]
 106    6    55.314401   43.136457   55.312384    3.644753    0.00001823   0.4723   0.5856  5-[ 7, 1, 2]
 107    6    59.400124   47.221573   59.397500    3.753455    0.00002209   0.5584   0.7477  5-[ 7, 0, 3]
 108    6    60.963688   48.786900   60.962826    3.794231    0.00000707   0.3242   0.6107  5-[ 7, 4, 3]
 109    6    64.126733   51.947096   64.123023    3.875406    0.00002893   0.6898   0.4991  5-[ 7, 2, 3]
 110    7    12.183874   -0.050930   12.124997    2.189698    0.00241619   1.1963   0.9273  7+[ 4, 1, 3]
 111    7    22.221434   10.022927   22.198854    2.602016    0.00050808   1.0015   0.8479  7+[ 4, 0, 4]
 112    7    35.273122   23.092608   35.268535    3.056055    0.00006503   0.5689   0.6927  7+[ 6, 1, 3]
 113    7    35.672841   23.493394   35.669321    3.068900    0.00004935   0.5012   0.7290  7+[ 6, 3, 3]
 114    7    42.107021   29.922073   42.098000    3.268730    0.00010712   0.8716   0.6660  7+[ 6, 0, 4]
 115    7    43.293613   31.116068   43.291995    3.304263    0.00001869   0.3744   0.7294  7+[ 6, 2, 4]
 116    7    58.471349   46.294214   58.470141    3.729023    0.00001033   0.3758   0.5953  7+[ 8, 5, 3]
 117    7    58.844110   46.667945   58.843872    3.738848    0.00000202   0.1672   0.6017  7+[ 8, 3, 3]
 118    7    65.833784   53.657272   65.833199    3.918517    0.00000445   0.2776   0.6174  7+[ 8, 1, 3]
 119    7    69.654115   57.477986   69.653913    4.013320    0.00000146   0.1681   0.6591  7+[ 8, 4, 4]
 120    7    72.728646   60.552117   72.728044    4.088019    0.00000414   0.2958   0.7246  7+[ 8, 0, 4]
 121    7    76.259009   64.081375   76.257302    4.172144    0.00001119   0.5103   0.5360  7+[ 8, 2, 4]
 122    8     1.838581  -13.073144   -0.897217    1.660873    0.74399703   1.6048   0.8505  7-[ 3, 0, 3]
 123    8    24.302306   12.112651   24.288578    2.679565    0.00028244   0.8167   0.8388  7-[ 5, 2, 3]
 124    8    27.507943   15.325414   27.501341    2.794824    0.00012000   0.6026   0.8455  7-[ 5, 0, 3]
 125    8    34.363367   22.180834   34.356761    3.026616    0.00009612   0.6738   0.8180  7-[ 5, 1, 4]
 126    8    48.065567   35.888557   48.064484    3.443462    0.00001126   0.3226   0.6405  7-[ 7, 4, 3]
 127    8    50.779237   38.600853   50.776780    3.520165    0.00002419   0.4995   0.5759  7-[ 7, 2, 3]
 128    8    55.314401   43.136457   55.312384    3.644753    0.00001823   0.4723   0.8166  7-[ 7, 0, 3]
 129    8    60.963688   48.786900   60.962826    3.794231    0.00000707   0.3242   0.7511  7-[ 7, 3, 4]
 130    8    64.126733   51.947096   64.123023    3.875406    0.00002893   0.6898   0.7175  7-[ 7, 1, 4]
 131    9    12.183874   -0.050930   12.124997    2.189698    0.00241619   1.1963   0.9836  9+[ 4, 0, 4]
 132    9    35.273122   23.092608   35.268535    3.056055    0.00006503   0.5689   0.8214  9+[ 6, 0, 4]
 133    9    35.672841   23.493394   35.669321    3.068900    0.00004935   0.5012   0.8549  9+[ 6, 2, 4]
 134    9    43.293613   31.116068   43.291995    3.304263    0.00001869   0.3744   0.8023  9+[ 6, 1, 5]
 135    9    58.471349   46.294214   58.470141    3.729023    0.00001033   0.3758   0.6282  9+[ 8, 2, 4]
 136    9    58.844110   46.667945   58.843872    3.738848    0.00000202   0.1672   0.6860  9+[ 8, 4, 4]
 137    9    65.833784   53.657272   65.833199    3.918517    0.00000445   0.2776   0.8020  9+[ 8, 0, 4]
 138    9    69.654115   57.477986   69.653913    4.013320    0.00000146   0.1681   0.7822  9+[ 8, 3, 5]
 139    9    76.259009   64.081375   76.257302    4.172144    0.00001119   0.5103   0.7176  9+[ 8, 1, 5]
 140   10    24.302306   12.112651   24.288578    2.679565    0.00028244   0.8167   0.9378  9-[ 5, 1, 4]
 141   10    34.363367   22.180834   34.356761    3.026616    0.00009612   0.6738   0.8623  9-[ 5, 0, 5]
 142   10    48.065567   35.888557   48.064484    3.443462    0.00001126   0.3226   0.7845  9-[ 7, 3, 4]
 143   10    50.779237   38.600853   50.776780    3.520165    0.00002419   0.4995   0.8227  9-[ 7, 1, 4]
 144   10    60.963688   48.786900   60.962826    3.794231    0.00000707   0.3242   0.8593  9-[ 7, 2, 5]
 145   10    64.126733   51.947096   64.123023    3.875406    0.00002893   0.6898   0.8285  9-[ 7, 0, 5]
 146   11    35.672841   23.493394   35.669321    3.068900    0.00004935   0.5012   0.9365 11+[ 6, 1, 5]
 147   11    43.293613   31.116068   43.291995    3.304263    0.00001869   0.3744   0.8380 11+[ 6, 0, 6]
 148   11    58.471349   46.294214   58.470141    3.729023    0.00001033   0.3758   0.8376 11+[ 8, 1, 5]
 149   11    58.844110   46.667945   58.843872    3.738848    0.00000202   0.1672   0.8117 11+[ 8, 3, 5]
 150   11    69.654115   57.477986   69.653913    4.013320    0.00000146   0.1681   0.8767 11+[ 8, 2, 6]
 151   11    76.259009   64.081375   76.257302    4.172144    0.00001119   0.5103   0.8096 11+[ 8, 0, 6]
 152   12    24.302306   12.112651   24.288578    2.679565    0.00028244   0.8167   0.9836 11-[ 5, 0, 5]
 153   12    48.065567   35.888557   48.064484    3.443462    0.00001126   0.3226   0.8944 11-[ 7, 2, 5]
 154   12    50.779237   38.600853   50.776780    3.520165    0.00002419   0.4995   0.9452 11-[ 7, 0, 5]
 155   12    60.963688   48.786900   60.962826    3.794231    0.00000707   0.3242   0.9309 11-[ 7, 1, 6]
 156   13    35.672841   23.493394   35.669321    3.068900    0.00004935   0.5012   0.9747 13+[ 6, 0, 6]
 157   13    58.471349   46.294214   58.470141    3.729023    0.00001033   0.3758   0.9417 13+[ 8, 0, 6]
 158   13    58.844110   46.667945   58.843872    3.738848    0.00000202   0.1672   0.9075 13+[ 8, 2, 6]
 159   13    69.654115   57.477986   69.653913    4.013320    0.00000146   0.1681   0.9393 13+[ 8, 1, 7]
 160   14    48.065567   35.888557   48.064484    3.443462    0.00001126   0.3226   0.9661 13-[ 7, 1, 6]
 161   14    60.963688   48.786900   60.962826    3.794231    0.00000707   0.3242   0.9661 13-[ 7, 0, 7]
 162   15    58.844110   46.667945   58.843872    3.738848    0.00000202   0.1672   0.9701 15+[ 8, 1, 7]
 163   15    69.654115   57.477986   69.653913    4.013320    0.00000146   0.1681   0.9701 15+[ 8, 0, 8]
 164   16    48.065567   35.888557   48.064484    3.443462    0.00001126   0.3226   1.0000 15-[ 7, 0, 7]
 165   17    58.844110   46.667945   58.843872    3.738848    0.00000202   0.1672   1.0000 17+[ 8, 0, 8]
#all active are  165 q.p. states out of  165
#since the cut off is pwi=  60.0
#check: number of neutrons=  26.0


 #canonical s.p. energies neutrons
 ---------------------------------


  labels -> {2*omega}{parity}[nn=nz+2*nr+nl,nz,nl]
  cqpe   -> canonical q.p. energies
  ce     -> canonical s.p. energies
  fermi energy=  -12.175926855698105     
  average cdelt=   1.8000539948089191     
  k0      ceqp        ce         v*v       u*v        cdel     overl      labels
   1   56.157212   56.157205   0.00000005   0.00021821   0.0298   0.6132  1+[ 8, 0, 0]
   2   49.198340   49.198319   0.00000017   0.00041512   0.0510   0.4892  1+[ 8, 8, 0]
   3   52.482787   52.482764   0.00000018   0.00042469   0.0549   0.4296  1+[ 8, 3, 1]
   4   50.511020   50.510980   0.00000032   0.00056559   0.0709   0.4891  1+[ 8, 1, 1]
   5   45.852346   45.852309   0.00000032   0.00056580   0.0657   0.4370  1+[ 8, 1, 1]
   6   51.926517   51.926433   0.00000066   0.00081076   0.1039   0.4343  1+[ 8, 2, 0]
   7   42.541097   42.541015   0.00000075   0.00086432   0.0946   0.4651  1+[ 8, 2, 0]
   8   57.478188   57.477986   0.00000146   0.00120654   0.1681   0.4988  1+[ 8, 5, 1]
   9   46.668183   46.667945   0.00000202   0.00142094   0.1672   0.5258  1+[ 8, 4, 0]
  10   28.079373   28.078737   0.00000791   0.00281199   0.2264   0.6346  1+[ 6, 0, 0]
  11   28.951019   28.950158   0.00001046   0.00323445   0.2660   0.5273  1+[ 6, 6, 0]
  12   31.416431   31.415407   0.00001175   0.00342835   0.2989   0.4721  1+[ 6, 3, 1]
  13   36.708928   36.707650   0.00001307   0.00361483   0.3534   0.5361  1+[ 6, 5, 1]
  14   30.409466   30.408043   0.00001670   0.00408641   0.3480   0.4798  1+[ 6, 5, 1]
  15   43.274251   43.271009   0.00002923   0.00540654   0.5996   0.5655  1+[ 6, 3, 1]
  16   27.251240   27.246593   0.00005893   0.00767647   0.6053   0.5191  1+[ 6, 3, 1]
  17    9.197550    9.189933   0.00017817   0.01334683   0.5705   0.6827  1+[ 4, 0, 0]
  18    9.915031    9.903532   0.00026027   0.01613070   0.7127   0.5739  1+[ 4, 1, 1]
  19    6.705175    6.692072   0.00034699   0.01862448   0.7033   0.5701  1+[ 4, 4, 0]
  20   13.309372   13.278486   0.00060596   0.02460872   1.2543   0.5616  1+[ 4, 3, 1]
  21    0.501188    0.438597   0.00246864   0.04962409   1.2582   0.6154  1+[ 4, 2, 0]
  22   -3.425849  -20.724693   0.98849656   0.10663543   1.8661   0.7662  1+[ 2, 1, 1]
  23   -1.884000  -22.315321   0.99258969   0.08576363   1.7653   0.7936  1+[ 2, 0, 0]
  24    2.886823  -27.117634   0.99598205   0.06325986   1.9057   0.6228  1+[ 2, 1, 1]
  25   31.539033  -55.863820   0.99969043   0.01759196   1.5381   0.9979  1+[ 0, 0, 0]
  26   46.929238   46.929067   0.00000144   0.00120157   0.1420   0.6231  1-[ 7, 0, 1]
  27   43.913370   43.913197   0.00000153   0.00123871   0.1390   0.4628  1-[ 7, 7, 0]
  28   40.350260   40.350009   0.00000240   0.00154775   0.1626   0.4963  1-[ 7, 1, 0]
  29   43.955143   43.954871   0.00000243   0.00155805   0.1749   0.4530  1-[ 7, 6, 1]
  30   45.520905   45.520516   0.00000337   0.00183487   0.2117   0.4912  1-[ 7, 2, 1]
  31   36.823840   36.823434   0.00000414   0.00203465   0.1994   0.4473  1-[ 7, 2, 1]
  32   48.787762   48.786900   0.00000707   0.00265904   0.3242   0.5462  1-[ 7, 4, 1]
  33   35.889640   35.888557   0.00001126   0.00335620   0.3226   0.5110  1-[ 7, 3, 0]
  34   20.519407   20.516703   0.00004135   0.00643016   0.4205   0.6452  1-[ 5, 0, 1]
  35   18.579164   18.576441   0.00004427   0.00665342   0.4093   0.5122  1-[ 5, 5, 0]
  36   22.438732   22.435176   0.00005136   0.00716616   0.4961   0.5408  1-[ 5, 4, 1]
  37   18.117479   18.113461   0.00006632   0.00814337   0.4934   0.5415  1-[ 5, 1, 0]
  38   28.617342   28.607414   0.00012168   0.01103020   0.8999   0.5578  1-[ 5, 2, 1]
  39   13.905849   13.890070   0.00030249   0.01738953   0.9071   0.5865  1-[ 5, 3, 0]
  40   -4.396148   -4.473342   0.00496118   0.07026072   1.0932   0.7050  1-[ 3, 0, 1]
  41   -3.117469   -3.259754   0.00785372   0.08827251   1.5992   0.6665  1-[ 3, 2, 1]
  42   -6.976056   -7.084893   0.01046535   0.10176359   1.0583   0.6072  1-[ 3, 3, 0]
  43  -10.334595  -13.074742   0.74406654   0.43638461   1.6071   0.5774  1-[ 3, 1, 0]
  44   14.714599  -38.997478   0.99871748   0.03578936   1.9248   0.8081  1-[ 1, 0, 1]
  45   17.749344  -42.036343   0.99891638   0.03290049   1.9691   0.8029  1-[ 1, 1, 0]
  46   49.198340   49.198319   0.00000017   0.00041512   0.0510   0.4962  3+[ 8, 3, 1]
  47   52.482787   52.482764   0.00000018   0.00042469   0.0549   0.7394  3+[ 8, 0, 2]
  48   50.511020   50.510980   0.00000032   0.00056559   0.0709   0.4911  3+[ 8, 4, 2]
  49   45.852346   45.852309   0.00000032   0.00056580   0.0657   0.5352  3+[ 8, 1, 1]
  50   51.926517   51.926433   0.00000066   0.00081076   0.1039   0.5408  3+[ 8, 6, 2]
  51   42.541097   42.541015   0.00000075   0.00086432   0.0946   0.4486  3+[ 8, 7, 1]
  52   57.478188   57.477986   0.00000146   0.00120654   0.1681   0.5737  3+[ 8, 4, 2]
  53   46.668183   46.667945   0.00000202   0.00142094   0.1672   0.5258  3+[ 8, 5, 1]
  54   28.951019   28.950158   0.00001046   0.00323445   0.2660   0.5446  3+[ 6, 3, 1]
  55   31.416431   31.415407   0.00001175   0.00342835   0.2989   0.7709  3+[ 6, 0, 2]
  56   36.708928   36.707650   0.00001307   0.00361483   0.3534   0.5571  3+[ 6, 4, 2]
  57   30.409466   30.408043   0.00001670   0.00408641   0.3480   0.5877  3+[ 6, 5, 1]
  58   43.274251   43.271009   0.00002923   0.00540654   0.5996   0.5408  3+[ 6, 2, 2]
  59   27.251240   27.246593   0.00005893   0.00767647   0.6053   0.5994  3+[ 6, 3, 1]
  60    9.915031    9.903532   0.00026027   0.01613070   0.7127   0.8116  3+[ 4, 0, 2]
  61    6.705175    6.692072   0.00034699   0.01862448   0.7033   0.6582  3+[ 4, 1, 1]
  62   13.309372   13.278486   0.00060596   0.02460872   1.2543   0.7535  3+[ 4, 2, 2]
  63    0.501188    0.438597   0.00246864   0.04962409   1.2582   0.6154  3+[ 4, 3, 1]
  64   -3.425849  -20.724693   0.98849656   0.10663543   1.8661   0.8847  3+[ 2, 0, 2]
  65    2.886823  -27.117634   0.99598205   0.06325986   1.9057   0.8807  3+[ 2, 1, 1]
  66   43.913370   43.913197   0.00000153   0.00123871   0.1390   0.7664  3-[ 7, 0, 1]
  67   40.350260   40.350009   0.00000240   0.00154775   0.1626   0.5065  3-[ 7, 6, 1]
  68   43.955143   43.954871   0.00000243   0.00155805   0.1749   0.5848  3-[ 7, 1, 2]
  69   45.520905   45.520516   0.00000337   0.00183487   0.2117   0.5707  3-[ 7, 5, 2]
  70   36.823840   36.823434   0.00000414   0.00203465   0.1994   0.5293  3-[ 7, 2, 1]
  71   48.787762   48.786900   0.00000707   0.00265904   0.3242   0.5794  3-[ 7, 3, 2]
  72   35.889640   35.888557   0.00001126   0.00335620   0.3226   0.5794  3-[ 7, 4, 1]
  73   18.579164   18.576441   0.00004427   0.00665342   0.4093   0.7934  3-[ 5, 0, 1]
  74   22.438732   22.435176   0.00005136   0.00716616   0.4961   0.6760  3-[ 5, 1, 2]
  75   18.117479   18.113461   0.00006632   0.00814337   0.4934   0.6054  3-[ 5, 4, 1]
  76   28.617342   28.607414   0.00012168   0.01103020   0.8999   0.6507  3-[ 5, 3, 2]
  77   13.905849   13.890070   0.00030249   0.01738953   0.9071   0.6010  3-[ 5, 2, 1]
  78   -3.117469   -3.259754   0.00785372   0.08827251   1.5992   0.8331  3-[ 3, 1, 2]
  79   -6.976056   -7.084893   0.01046535   0.10176359   1.0583   0.8587  3-[ 3, 0, 1]
  80  -10.334595  -13.074742   0.74406654   0.43638461   1.6071   0.7454  3-[ 3, 2, 1]
  81   17.749344  -42.036343   0.99891638   0.03290049   1.9691   0.9834  3-[ 1, 0, 1]
  82   49.198340   49.198319   0.00000017   0.00041512   0.0510   0.8270  5+[ 8, 0, 2]
  83   50.511020   50.510980   0.00000032   0.00056559   0.0709   0.6589  5+[ 8, 1, 3]
  84   45.852346   45.852309   0.00000032   0.00056580   0.0657   0.5299  5+[ 8, 4, 2]
  85   51.926517   51.926433   0.00000066   0.00081076   0.1039   0.5736  5+[ 8, 5, 3]
  86   42.541097   42.541015   0.00000075   0.00086432   0.0946   0.5687  5+[ 8, 6, 2]
  87   57.478188   57.477986   0.00000146   0.00120654   0.1681   0.5760  5+[ 8, 3, 3]
  88   46.668183   46.667945   0.00000202   0.00142094   0.1672   0.6017  5+[ 8, 4, 2]
  89   28.951019   28.950158   0.00001046   0.00323445   0.2660   0.8611  5+[ 6, 0, 2]
  90   36.708928   36.707650   0.00001307   0.00361483   0.3534   0.7505  5+[ 6, 1, 3]
  91   30.409466   30.408043   0.00001670   0.00408641   0.3480   0.6022  5+[ 6, 4, 2]
  92   43.274251   43.271009   0.00002923   0.00540654   0.5996   0.7025  5+[ 6, 3, 3]
  93   27.251240   27.246593   0.00005893   0.00767647   0.6053   0.5687  5+[ 6, 2, 2]
  94    6.705175    6.692072   0.00034699   0.01862448   0.7033   0.9013  5+[ 4, 0, 2]
  95   13.309372   13.278486   0.00060596   0.02460872   1.2543   0.8791  5+[ 4, 1, 3]
  96    0.501188    0.438597   0.00246864   0.04962409   1.2582   0.8141  5+[ 4, 2, 2]
  97    2.886823  -27.117634   0.99598205   0.06325986   1.9057   0.9847  5+[ 2, 0, 2]
  98   40.350260   40.350009   0.00000240   0.00154775   0.1626   0.6407  5-[ 7, 1, 2]
  99   43.955143   43.954871   0.00000243   0.00155805   0.1749   0.8271  5-[ 7, 0, 3]
 100   45.520905   45.520516   0.00000337   0.00183487   0.2117   0.5514  5-[ 7, 2, 3]
 101   36.823840   36.823434   0.00000414   0.00203465   0.1994   0.6087  5-[ 7, 5, 2]
 102   48.787762   48.786900   0.00000707   0.00265904   0.3242   0.6107  5-[ 7, 4, 3]
 103   35.889640   35.888557   0.00001126   0.00335620   0.3226   0.6107  5-[ 7, 3, 2]
 104   22.438732   22.435176   0.00005136   0.00716616   0.4961   0.8550  5-[ 5, 0, 3]
 105   18.117479   18.113461   0.00006632   0.00814337   0.4934   0.7414  5-[ 5, 1, 2]
 106   28.617342   28.607414   0.00012168   0.01103020   0.8999   0.8033  5-[ 5, 2, 3]
 107   13.905849   13.890070   0.00030249   0.01738953   0.9071   0.6940  5-[ 5, 3, 2]
 108   -3.117469   -3.259754   0.00785372   0.08827251   1.5992   0.9126  5-[ 3, 0, 3]
 109  -10.334595  -13.074742   0.74406654   0.43638461   1.6071   0.9129  5-[ 3, 1, 2]
 110   50.511020   50.510980   0.00000032   0.00056559   0.0709   0.8627  7+[ 8, 0, 4]
 111   45.852346   45.852309   0.00000032   0.00056580   0.0657   0.7036  7+[ 8, 1, 3]
 112   51.926517   51.926433   0.00000066   0.00081076   0.1039   0.6084  7+[ 8, 2, 4]
 113   42.541097   42.541015   0.00000075   0.00086432   0.0946   0.5994  7+[ 8, 5, 3]
 114   57.478188   57.477986   0.00000146   0.00120654   0.1681   0.6591  7+[ 8, 4, 4]
 115   46.668183   46.667945   0.00000202   0.00142094   0.1672   0.6017  7+[ 8, 3, 3]
 116   36.708928   36.707650   0.00001307   0.00361483   0.3534   0.8971  7+[ 6, 0, 4]
 117   30.409466   30.408043   0.00001670   0.00408641   0.3480   0.8029  7+[ 6, 1, 3]
 118   43.274251   43.271009   0.00002923   0.00540654   0.5996   0.8279  7+[ 6, 2, 4]
 119   27.251240   27.246593   0.00005893   0.00767647   0.6053   0.7341  7+[ 6, 3, 3]
 120   13.309372   13.278486   0.00060596   0.02460872   1.2543   0.9398  7+[ 4, 0, 4]
 121    0.501188    0.438597   0.00246864   0.04962409   1.2582   0.9401  7+[ 4, 1, 3]
 122   40.350260   40.350009   0.00000240   0.00154775   0.1626   0.8934  7-[ 7, 0, 3]
 123   45.520905   45.520516   0.00000337   0.00183487   0.2117   0.7926  7-[ 7, 1, 4]
 124   36.823840   36.823434   0.00000414   0.00203465   0.1994   0.5834  7-[ 7, 2, 3]
 125   48.787762   48.786900   0.00000707   0.00265904   0.3242   0.7511  7-[ 7, 3, 4]
 126   35.889640   35.888557   0.00001126   0.00335620   0.3226   0.6405  7-[ 7, 4, 3]
 127   18.117479   18.113461   0.00006632   0.00814337   0.4934   0.9247  7-[ 5, 0, 3]
 128   28.617342   28.607414   0.00012168   0.01103020   0.8999   0.9037  7-[ 5, 1, 4]
 129   13.905849   13.890070   0.00030249   0.01738953   0.9071   0.8499  7-[ 5, 2, 3]
 130  -10.334595  -13.074742   0.74406654   0.43638461   1.6071   0.9860  7-[ 3, 0, 3]
 131   45.852346   45.852309   0.00000032   0.00056580   0.0657   0.9140  9+[ 8, 0, 4]
 132   51.926517   51.926433   0.00000066   0.00081076   0.1039   0.8145  9+[ 8, 1, 5]
 133   42.541097   42.541015   0.00000075   0.00086432   0.0946   0.6326  9+[ 8, 2, 4]
 134   57.478188   57.477986   0.00000146   0.00120654   0.1681   0.7822  9+[ 8, 3, 5]
 135   46.668183   46.667945   0.00000202   0.00142094   0.1672   0.6860  9+[ 8, 4, 4]
 136   30.409466   30.408043   0.00001670   0.00408641   0.3480   0.9521  9+[ 6, 0, 4]
 137   43.274251   43.271009   0.00002923   0.00540654   0.5996   0.9107  9+[ 6, 1, 5]
 138   27.251240   27.246593   0.00005893   0.00767647   0.6053   0.8608  9+[ 6, 2, 4]
 139    0.501188    0.438597   0.00246864   0.04962409   1.2582   0.9971  9+[ 4, 0, 4]
 140   45.520905   45.520516   0.00000337   0.00183487   0.2117   0.9152  9-[ 7, 0, 5]
 141   36.823840   36.823434   0.00000414   0.00203465   0.1994   0.8334  9-[ 7, 1, 4]
 142   48.787762   48.786900   0.00000707   0.00265904   0.3242   0.8593  9-[ 7, 2, 5]
 143   35.889640   35.888557   0.00001126   0.00335620   0.3226   0.7845  9-[ 7, 3, 4]
 144   28.617342   28.607414   0.00012168   0.01103020   0.8999   0.9526  9-[ 5, 0, 5]
 145   13.905849   13.890070   0.00030249   0.01738953   0.9071   0.9503  9-[ 5, 1, 4]
 146   51.926517   51.926433   0.00000066   0.00081076   0.1039   0.9189 11+[ 8, 0, 6]
 147   42.541097   42.541015   0.00000075   0.00086432   0.0946   0.8435 11+[ 8, 1, 5]
 148   57.478188   57.477986   0.00000146   0.00120654   0.1681   0.8767 11+[ 8, 2, 6]
 149   46.668183   46.667945   0.00000202   0.00142094   0.1672   0.8117 11+[ 8, 3, 5]
 150   43.274251   43.271009   0.00002923   0.00540654   0.5996   0.9512 11+[ 6, 0, 6]
 151   27.251240   27.246593   0.00005893   0.00767647   0.6053   0.9430 11+[ 6, 1, 5]
 152   36.823840   36.823434   0.00000414   0.00203465   0.1994   0.9576 11-[ 7, 0, 5]
 153   48.787762   48.786900   0.00000707   0.00265904   0.3242   0.9309 11-[ 7, 1, 6]
 154   35.889640   35.888557   0.00001126   0.00335620   0.3226   0.8944 11-[ 7, 2, 5]
 155   13.905849   13.890070   0.00030249   0.01738953   0.9071   0.9967 11-[ 5, 0, 5]
 156   42.541097   42.541015   0.00000075   0.00086432   0.0946   0.9482 13+[ 8, 0, 6]
 157   57.478188   57.477986   0.00000146   0.00120654   0.1681   0.9393 13+[ 8, 1, 7]
 158   46.668183   46.667945   0.00000202   0.00142094   0.1672   0.9075 13+[ 8, 2, 6]
 159   27.251240   27.246593   0.00005893   0.00767647   0.6053   0.9815 13+[ 6, 0, 6]
 160   48.787762   48.786900   0.00000707   0.00265904   0.3242   0.9661 13-[ 7, 0, 7]
 161   35.889640   35.888557   0.00001126   0.00335620   0.3226   0.9661 13-[ 7, 1, 6]
 162   57.478188   57.477986   0.00000146   0.00120654   0.1681   0.9701 15+[ 8, 0, 8]
 163   46.668183   46.667945   0.00000202   0.00142094   0.1672   0.9701 15+[ 8, 1, 7]
 164   35.889640   35.888557   0.00001126   0.00335620   0.3226   1.0000 15-[ 7, 0, 7]
 165   46.668183   46.667945   0.00000202   0.00142094   0.1672   1.0000 17+[ 8, 0, 8]
  Sum canonical e_v*V^2_k=  -723.89016778604389     


 #quasiparticle energies protons 
 --------------------------------
  eqp(k) -> q.p. energy 
  e(k)   -> referent s.p. energy 
  p(k)   -> occ.probability 
  del(k) -> referent s.p. gap 
  fermi energy alast=  -14.869941913634680     
  #k  block#    eqp(k)     e(k)       (1-2N)E      decay        p(k)        del(k)    overl      labels
   1    1     7.610508  -22.168755   -7.298813    2.103536    0.97952208   2.1557   0.7569  1+[ 2, 1, 1]
   2    1     8.047707  -22.726340   -7.856398    2.123892    0.98811403   1.7443   0.7687  1+[ 2, 0, 0]
   3    1    13.238190   -1.701657   13.168285    2.352141    0.00264026   1.3587   0.6086  1+[ 4, 2, 0]
   4    1    14.218485  -28.910603  -14.040661    2.392806    0.99374675   2.2417   0.6203  1+[ 2, 1, 1]
   5    1    18.524827    3.640212   18.510154    2.563815    0.00039602   0.7372   0.5316  1+[ 4, 4, 0]
   6    1    20.232287    5.349491   20.219433    2.628541    0.00031766   0.7211   0.6008  1+[ 4, 0, 0]
   7    1    20.810205    5.931292   20.801234    2.650090    0.00021555   0.6110   0.5147  1+[ 4, 1, 1]
   8    1    23.677545    8.780016   23.649958    2.754517    0.00058255   1.1426   0.5119  1+[ 4, 3, 1]
   9    1    37.252024   22.377864   37.247806    3.203006    0.00005661   0.5605   0.5185  1+[ 6, 3, 1]
  10    1    37.288034   22.412603   37.282544    3.204112    0.00007361   0.6398   0.4181  1+[ 6, 5, 1]
  11    1    37.817848   22.930403   37.800345    3.220345    0.00023142   1.1505   0.4130  1+[ 6, 6, 0]
  12    1    40.099893   25.196231   40.066173    3.289346    0.00042045   1.6441   0.4502  1+[ 6, 0, 0]
  13    1    40.742981   25.857025   40.726967    3.308531    0.00019652   1.1422   0.3522  1+[ 6, 3, 1]
  14    1    43.462191  -58.228590  -43.358648    3.388452    0.99880882   2.9983   0.9762  1+[ 0, 0, 0]
  15    1    44.058798   29.178033   44.047975    3.405736    0.00012283   0.9765   0.4026  1+[ 6, 5, 1]
  16    1    45.141081   30.269255   45.139197    3.436868    0.00002086   0.4124   0.5022  1+[ 6, 3, 1]
  17    1    60.071803   45.200431   60.070373    3.840690    0.00001191   0.4146   0.4645  1+[ 8, 2, 0]
  18    1    60.648338   45.778140   60.648082    3.855435    0.00000211   0.1761   0.5258  1+[ 8, 4, 0]
  19    1    67.337668   52.467014   67.336956    4.022568    0.00000528   0.3096   0.3858  1+[ 8, 1, 1]
  20    1    70.324076   55.451937   70.321878    4.094981    0.00001562   0.5559   0.4193  1+[ 8, 8, 0]
  21    1    71.402083   56.531922   71.401864    4.120808    0.00000154   0.1770   0.4988  1+[ 8, 5, 1]
  22    1    74.638484   59.765770   74.635712    4.197390    0.00001857   0.6432   0.3638  1+[ 8, 3, 1]
  23    1    74.855526   59.984820   74.854762    4.202476    0.00000510   0.3381   0.4111  1+[ 8, 1, 1]
  24    1    75.547072   60.670476   75.540418    4.218640    0.00004404   1.0027   0.5206  1+[ 8, 0, 0]
  25    1    77.945045   63.073012   77.942954    4.274216    0.00001342   0.5710   0.3857  1+[ 8, 2, 0]
  26    2     1.830680  -14.879328   -0.009386    1.813066    0.50256347   1.8307   0.4097  1-[ 3, 1, 0]
  27    2     6.380221   -8.592360    6.277582    2.045166    0.00804355   1.1398   0.5967  1-[ 3, 3, 0]
  28    2     8.839585   -6.116333    8.753609    2.160274    0.00486312   1.2299   0.6850  1-[ 3, 0, 1]
  29    2     9.943312   -5.080450    9.789492    2.209985    0.00773487   1.7422   0.6509  1-[ 3, 2, 1]
  30    2    25.540882  -39.981197  -25.111255    2.820306    0.99158944   4.6649   0.8029  1-[ 1, 0, 1]
  31    2    25.576266   10.689807   25.559749    2.821540    0.00032289   0.9190   0.5808  1-[ 5, 3, 0]
  32    2    28.754160  -36.652013  -21.782071    2.930290    0.87876383  18.7708   0.7514  1-[ 1, 1, 0]
  33    2    29.360840   14.482671   29.352613    2.950596    0.00014010   0.6950   0.4986  1-[ 5, 1, 0]
  34    2    30.009739    7.979501   22.849443    2.972161    0.11929955  19.4548   0.4224  1-[ 5, 5, 0]
  35    2    31.799773   16.565612   31.435554    3.030854    0.00572675   4.7991   0.5510  1-[ 5, 0, 1]
  36    2    33.740279   18.859599   33.729541    3.093223    0.00015913   0.8512   0.4786  1-[ 5, 4, 1]
  37    2    35.891309   21.013516   35.883458    3.160920    0.00010937   0.7507   0.5079  1-[ 5, 2, 1]
  38    2    49.637412   34.766250   49.636192    3.563297    0.00001228   0.3479   0.5109  1-[ 7, 3, 0]
  39    2    52.410757   37.537781   52.407723    3.639089    0.00002895   0.5640   0.4430  1-[ 7, 2, 1]
  40    2    56.882274   42.010116   56.880057    3.758072    0.00001948   0.5021   0.4562  1-[ 7, 1, 0]
  41    2    60.893354   46.021646   60.891588    3.861685    0.00001451   0.4639   0.4143  1-[ 7, 7, 0]
  42    2    61.399458   46.526709   61.396651    3.874561    0.00002286   0.5871   0.4103  1-[ 7, 6, 1]
  43    2    62.534466   47.663546   62.533488    3.903285    0.00000782   0.3497   0.5462  1-[ 7, 4, 1]
  44    2    64.333858   49.462192   64.332134    3.948393    0.00001340   0.4710   0.5516  1-[ 7, 0, 1]
  45    2    66.031885   51.157277   66.027219    3.990493    0.00003534   0.7850   0.4473  1-[ 7, 2, 1]
  46    3     7.610508  -22.168755   -7.298813    2.103536    0.97952208   2.1557   0.8740  3+[ 2, 0, 2]
  47    3    13.238190   -1.701657   13.168285    2.352141    0.00264026   1.3587   0.6086  3+[ 4, 3, 1]
  48    3    14.218485  -28.910603  -14.040661    2.392806    0.99374675   2.2417   0.8773  3+[ 2, 1, 1]
  49    3    18.524827    3.640212   18.510154    2.563815    0.00039602   0.7372   0.6139  3+[ 4, 1, 1]
  50    3    20.810205    5.931292   20.801234    2.650090    0.00021555   0.6110   0.7279  3+[ 4, 0, 2]
  51    3    23.677545    8.780016   23.649958    2.754517    0.00058255   1.1426   0.6867  3+[ 4, 2, 2]
  52    3    37.252024   22.377864   37.247806    3.203006    0.00005661   0.5605   0.5987  3+[ 6, 3, 1]
  53    3    37.288034   22.412603   37.282544    3.204112    0.00007361   0.6398   0.5120  3+[ 6, 5, 1]
  54    3    37.817848   22.930403   37.800345    3.220345    0.00023142   1.1505   0.4266  3+[ 6, 3, 1]
  55    3    40.742981   25.857025   40.726967    3.308531    0.00019652   1.1422   0.5751  3+[ 6, 0, 2]
  56    3    44.058798   29.178033   44.047975    3.405736    0.00012283   0.9765   0.4184  3+[ 6, 4, 2]
  57    3    45.141081   30.269255   45.139197    3.436868    0.00002086   0.4124   0.4802  3+[ 6, 4, 2]
  58    3    60.071803   45.200431   60.070373    3.840690    0.00001191   0.4146   0.4480  3+[ 8, 7, 1]
  59    3    60.648338   45.778140   60.648082    3.855435    0.00000211   0.1761   0.5258  3+[ 8, 5, 1]
  60    3    67.337668   52.467014   67.336956    4.022568    0.00000528   0.3096   0.4725  3+[ 8, 1, 1]
  61    3    70.324076   55.451937   70.321878    4.094981    0.00001562   0.5559   0.4253  3+[ 8, 3, 1]
  62    3    71.402083   56.531922   71.401864    4.120808    0.00000154   0.1770   0.5737  3+[ 8, 4, 2]
  63    3    74.638484   59.765770   74.635712    4.197390    0.00001857   0.6432   0.6262  3+[ 8, 0, 2]
  64    3    74.855526   59.984820   74.854762    4.202476    0.00000510   0.3381   0.4128  3+[ 8, 4, 2]
  65    3    77.945045   63.073012   77.942954    4.274216    0.00001342   0.5710   0.4802  3+[ 8, 6, 2]
  66    4     1.830680  -14.879328   -0.009386    1.813066    0.50256347   1.8307   0.5289  3-[ 3, 2, 1]
  67    4     6.380221   -8.592360    6.277582    2.045166    0.00804355   1.1398   0.8438  3-[ 3, 0, 1]
  68    4     9.943312   -5.080450    9.789492    2.209985    0.00773487   1.7422   0.8136  3-[ 3, 1, 2]
  69    4    25.576266   10.689807   25.559749    2.821540    0.00032289   0.9190   0.5951  3-[ 5, 2, 1]
  70    4    28.754160  -36.652013  -21.782071    2.930290    0.87876383  18.7708   0.9203  3-[ 1, 0, 1]
  71    4    29.360840   14.482671   29.352613    2.950596    0.00014010   0.6950   0.5574  3-[ 5, 4, 1]
  72    4    30.009739    7.979501   22.849443    2.972161    0.11929955  19.4548   0.6544  3-[ 5, 0, 1]
  73    4    33.740279   18.859599   33.729541    3.093223    0.00015913   0.8512   0.5983  3-[ 5, 1, 2]
  74    4    35.891309   21.013516   35.883458    3.160920    0.00010937   0.7507   0.5926  3-[ 5, 3, 2]
  75    4    49.637412   34.766250   49.636192    3.563297    0.00001228   0.3479   0.5794  3-[ 7, 4, 1]
  76    4    52.410757   37.537781   52.407723    3.639089    0.00002895   0.5640   0.5242  3-[ 7, 2, 1]
  77    4    56.882274   42.010116   56.880057    3.758072    0.00001948   0.5021   0.4656  3-[ 7, 6, 1]
  78    4    60.893354   46.021646   60.891588    3.861685    0.00001451   0.4639   0.6862  3-[ 7, 0, 1]
  79    4    61.399458   46.526709   61.396651    3.874561    0.00002286   0.5871   0.5297  3-[ 7, 1, 2]
  80    4    62.534466   47.663546   62.533488    3.903285    0.00000782   0.3497   0.5794  3-[ 7, 3, 2]
  81    4    66.031885   51.157277   66.027219    3.990493    0.00003534   0.7850   0.5197  3-[ 7, 5, 2]
  82    5    13.238190   -1.701657   13.168285    2.352141    0.00264026   1.3587   0.8051  5+[ 4, 2, 2]
  83    5    14.218485  -28.910603  -14.040661    2.392806    0.99374675   2.2417   0.9809  5+[ 2, 0, 2]
  84    5    18.524827    3.640212   18.510154    2.563815    0.00039602   0.7372   0.8406  5+[ 4, 0, 2]
  85    5    23.677545    8.780016   23.649958    2.754517    0.00058255   1.1426   0.8012  5+[ 4, 1, 3]
  86    5    37.252024   22.377864   37.247806    3.203006    0.00005661   0.5605   0.5679  5+[ 6, 2, 2]
  87    5    37.288034   22.412603   37.282544    3.204112    0.00007361   0.6398   0.5247  5+[ 6, 4, 2]
  88    5    37.817848   22.930403   37.800345    3.220345    0.00023142   1.1505   0.6745  5+[ 6, 0, 2]
  89    5    44.058798   29.178033   44.047975    3.405736    0.00012283   0.9765   0.5637  5+[ 6, 1, 3]
  90    5    45.141081   30.269255   45.139197    3.436868    0.00002086   0.4124   0.6238  5+[ 6, 3, 3]
  91    5    60.071803   45.200431   60.070373    3.840690    0.00001191   0.4146   0.5680  5+[ 8, 6, 2]
  92    5    60.648338   45.778140   60.648082    3.855435    0.00000211   0.1761   0.6017  5+[ 8, 4, 2]
  93    5    67.337668   52.467014   67.336956    4.022568    0.00000528   0.3096   0.4679  5+[ 8, 4, 2]
  94    5    70.324076   55.451937   70.321878    4.094981    0.00001562   0.5559   0.7088  5+[ 8, 0, 2]
  95    5    71.402083   56.531922   71.401864    4.120808    0.00000154   0.1770   0.5760  5+[ 8, 3, 3]
  96    5    74.855526   59.984820   74.854762    4.202476    0.00000510   0.3381   0.5538  5+[ 8, 1, 3]
  97    5    77.945045   63.073012   77.942954    4.274216    0.00001342   0.5710   0.5093  5+[ 8, 5, 3]
  98    6     1.830680  -14.879328   -0.009386    1.813066    0.50256347   1.8307   0.6478  5-[ 3, 1, 2]
  99    6     9.943312   -5.080450    9.789492    2.209985    0.00773487   1.7422   0.8912  5-[ 3, 0, 3]
 100    6    25.576266   10.689807   25.559749    2.821540    0.00032289   0.9190   0.6872  5-[ 5, 3, 2]
 101    6    29.360840   14.482671   29.352613    2.950596    0.00014010   0.6950   0.6827  5-[ 5, 1, 2]
 102    6    33.740279   18.859599   33.729541    3.093223    0.00015913   0.8512   0.7567  5-[ 5, 0, 3]
 103    6    35.891309   21.013516   35.883458    3.160920    0.00010937   0.7507   0.7315  5-[ 5, 2, 3]
 104    6    49.637412   34.766250   49.636192    3.563297    0.00001228   0.3479   0.6107  5-[ 7, 3, 2]
 105    6    52.410757   37.537781   52.407723    3.639089    0.00002895   0.5640   0.6028  5-[ 7, 5, 2]
 106    6    56.882274   42.010116   56.880057    3.758072    0.00001948   0.5021   0.5890  5-[ 7, 1, 2]
 107    6    61.399458   46.526709   61.396651    3.874561    0.00002286   0.5871   0.7490  5-[ 7, 0, 3]
 108    6    62.534466   47.663546   62.533488    3.903285    0.00000782   0.3497   0.6107  5-[ 7, 4, 3]
 109    6    66.031885   51.157277   66.027219    3.990493    0.00003534   0.7850   0.5021  5-[ 7, 2, 3]
 110    7    13.238190   -1.701657   13.168285    2.352141    0.00264026   1.3587   0.9297  7+[ 4, 1, 3]
 111    7    23.677545    8.780016   23.649958    2.754517    0.00058255   1.1426   0.8565  7+[ 4, 0, 4]
 112    7    37.252024   22.377864   37.247806    3.203006    0.00005661   0.5605   0.7332  7+[ 6, 3, 3]
 113    7    37.288034   22.412603   37.282544    3.204112    0.00007361   0.6398   0.6996  7+[ 6, 1, 3]
 114    7    44.058798   29.178033   44.047975    3.405736    0.00012283   0.9765   0.6737  7+[ 6, 0, 4]
 115    7    45.141081   30.269255   45.139197    3.436868    0.00002086   0.4124   0.7351  7+[ 6, 2, 4]
 116    7    60.071803   45.200431   60.070373    3.840690    0.00001191   0.4146   0.5987  7+[ 8, 5, 3]
 117    7    60.648338   45.778140   60.648082    3.855435    0.00000211   0.1761   0.6017  7+[ 8, 3, 3]
 118    7    67.337668   52.467014   67.336956    4.022568    0.00000528   0.3096   0.6212  7+[ 8, 1, 3]
 119    7    71.402083   56.531922   71.401864    4.120808    0.00000154   0.1770   0.6591  7+[ 8, 4, 4]
 120    7    74.855526   59.984820   74.854762    4.202476    0.00000510   0.3381   0.7251  7+[ 8, 0, 4]
 121    7    77.945045   63.073012   77.942954    4.274216    0.00001342   0.5710   0.5402  7+[ 8, 2, 4]
 122    8     1.830680  -14.879328   -0.009386    1.813066    0.50256347   1.8307   0.6997  7-[ 3, 0, 3]
 123    8    25.576266   10.689807   25.559749    2.821540    0.00032289   0.9190   0.8416  7-[ 5, 2, 3]
 124    8    29.360840   14.482671   29.352613    2.950596    0.00014010   0.6950   0.8515  7-[ 5, 0, 3]
 125    8    35.891309   21.013516   35.883458    3.160920    0.00010937   0.7507   0.8229  7-[ 5, 1, 4]
 126    8    49.637411   34.766250   49.636192    3.563297    0.00001228   0.3479   0.6405  7-[ 7, 4, 3]
 127    8    52.410757   37.537781   52.407723    3.639089    0.00002895   0.5640   0.5778  7-[ 7, 2, 3]
 128    8    56.882274   42.010116   56.880057    3.758072    0.00001948   0.5021   0.8213  7-[ 7, 0, 3]
 129    8    62.534466   47.663546   62.533488    3.903285    0.00000782   0.3497   0.7511  7-[ 7, 3, 4]
 130    8    66.031885   51.157277   66.027219    3.990493    0.00003534   0.7850   0.7218  7-[ 7, 1, 4]
 131    9    13.238190   -1.701657   13.168285    2.352141    0.00264026   1.3587   0.9860  9+[ 4, 0, 4]
 132    9    37.252023   22.377864   37.247806    3.203006    0.00005661   0.5605   0.8598  9+[ 6, 2, 4]
 133    9    37.288034   22.412603   37.282544    3.204112    0.00007361   0.6398   0.8296  9+[ 6, 0, 4]
 134    9    45.141081   30.269255   45.139197    3.436868    0.00002086   0.4124   0.8087  9+[ 6, 1, 5]
 135    9    60.071803   45.200431   60.070373    3.840690    0.00001191   0.4146   0.6318  9+[ 8, 2, 4]
 136    9    60.648338   45.778140   60.648082    3.855435    0.00000211   0.1761   0.6860  9+[ 8, 4, 4]
 137    9    67.337668   52.467014   67.336956    4.022568    0.00000528   0.3096   0.8070  9+[ 8, 0, 4]
 138    9    71.402083   56.531922   71.401864    4.120808    0.00000154   0.1770   0.7822  9+[ 8, 3, 5]
 139    9    77.945045   63.073012   77.942954    4.274216    0.00001342   0.5710   0.7233  9+[ 8, 1, 5]
 140   10    25.576266   10.689807   25.559749    2.821540    0.00032289   0.9190   0.9409  9-[ 5, 1, 4]
 141   10    35.891309   21.013516   35.883458    3.160920    0.00010937   0.7507   0.8674  9-[ 5, 0, 5]
 142   10    49.637411   34.766250   49.636192    3.563297    0.00001228   0.3479   0.7845  9-[ 7, 3, 4]
 143   10    52.410757   37.537781   52.407723    3.639089    0.00002895   0.5640   0.8254  9-[ 7, 1, 4]
 144   10    62.534466   47.663546   62.533488    3.903285    0.00000782   0.3497   0.8593  9-[ 7, 2, 5]
 145   10    66.031885   51.157277   66.027219    3.990493    0.00003534   0.7850   0.8334  9-[ 7, 0, 5]
 146   11    37.252023   22.377864   37.247806    3.203006    0.00005661   0.5605   0.9418 11+[ 6, 1, 5]
 147   11    45.141081   30.269255   45.139197    3.436868    0.00002086   0.4124   0.8446 11+[ 6, 0, 6]
 148   11    60.071803   45.200431   60.070373    3.840690    0.00001191   0.4146   0.8424 11+[ 8, 1, 5]
 149   11    60.648338   45.778140   60.648082    3.855435    0.00000211   0.1761   0.8117 11+[ 8, 3, 5]
 150   11    71.402083   56.531922   71.401864    4.120808    0.00000154   0.1770   0.8767 11+[ 8, 2, 6]
 151   11    77.945045   63.073012   77.942954    4.274216    0.00001342   0.5710   0.8160 11+[ 8, 0, 6]
 152   12    25.576266   10.689807   25.559749    2.821540    0.00032289   0.9190   0.9869 11-[ 5, 0, 5]
 153   12    49.637411   34.766250   49.636192    3.563297    0.00001228   0.3479   0.8944 11-[ 7, 2, 5]
 154   12    52.410757   37.537781   52.407723    3.639089    0.00002895   0.5640   0.9483 11-[ 7, 0, 5]
 155   12    62.534466   47.663546   62.533488    3.903285    0.00000782   0.3497   0.9309 11-[ 7, 1, 6]
 156   13    37.252023   22.377864   37.247806    3.203006    0.00005661   0.5605   0.9803 13+[ 6, 0, 6]
 157   13    60.071803   45.200431   60.070373    3.840690    0.00001191   0.4146   0.9471 13+[ 8, 0, 6]
 158   13    60.648338   45.778140   60.648082    3.855435    0.00000211   0.1761   0.9075 13+[ 8, 2, 6]
 159   13    71.402083   56.531922   71.401864    4.120808    0.00000154   0.1770   0.9393 13+[ 8, 1, 7]
 160   14    49.637411   34.766250   49.636192    3.563297    0.00001228   0.3479   0.9661 13-[ 7, 1, 6]
 161   14    62.534466   47.663546   62.533488    3.903285    0.00000782   0.3497   0.9661 13-[ 7, 0, 7]
 162   15    60.648338   45.778140   60.648082    3.855435    0.00000211   0.1761   0.9701 15+[ 8, 1, 7]
 163   15    71.402083   56.531922   71.401864    4.120808    0.00000154   0.1770   0.9701 15+[ 8, 0, 8]
 164   16    49.637411   34.766250   49.636192    3.563297    0.00001228   0.3479   1.0000 15-[ 7, 0, 7]
 165   17    60.648338   45.778140   60.648082    3.855435    0.00000211   0.1761   1.0000 17+[ 8, 0, 8]
#all active are  165 q.p. states out of  165
#since the cut off is pwi=  60.0
#check: number of protons =  24.0


 #canonical s.p. energies protons 
 ---------------------------------


  labels -> {2*omega}{parity}[nn=nz+2*nr+nl,nz,nl]
  cqpe   -> canonical q.p. energies
  ce     -> canonical s.p. energies
  fermi energy=  -14.869941913634680     
  average cdelt=   2.0828977760185459     
  k0      ceqp        ce         v*v       u*v        cdel     overl      labels
   1   54.086895   54.086889   0.00000004   0.00020744   0.0286   0.6206  1+[ 8, 0, 0]
   2   47.445573   47.445558   0.00000012   0.00034447   0.0429   0.4898  1+[ 8, 8, 0]
   3   50.770446   50.770430   0.00000013   0.00035794   0.0470   0.4302  1+[ 8, 3, 1]
   4   43.952184   43.952152   0.00000027   0.00052110   0.0613   0.4359  1+[ 8, 1, 1]
   5   48.689944   48.689909   0.00000027   0.00052345   0.0665   0.4883  1+[ 8, 1, 1]
   6   50.372716   50.372633   0.00000063   0.00079659   0.1039   0.4320  1+[ 8, 2, 0]
   7   41.393308   41.393228   0.00000071   0.00084131   0.0947   0.4622  1+[ 8, 2, 0]
   8   56.532141   56.531922   0.00000154   0.00123972   0.1770   0.4988  1+[ 8, 5, 1]
   9   45.778396   45.778140   0.00000211   0.00145172   0.1761   0.5258  1+[ 8, 4, 0]
  10   28.441011   28.440326   0.00000790   0.00281034   0.2434   0.6482  1+[ 6, 0, 0]
  11   28.821507   28.820621   0.00001014   0.00318367   0.2782   0.5299  1+[ 6, 6, 0]
  12   31.529543   31.528459   0.00001168   0.00341769   0.3172   0.4742  1+[ 6, 3, 1]
  13   37.093186   37.091746   0.00001386   0.00372252   0.3869   0.5361  1+[ 6, 5, 1]
  14   30.387743   30.386134   0.00001778   0.00421625   0.3816   0.4792  1+[ 6, 5, 1]
  15   42.973526   42.969634   0.00003365   0.00580058   0.6711   0.5626  1+[ 6, 3, 1]
  16   26.190635   26.185067   0.00006780   0.00823410   0.6762   0.5159  1+[ 6, 3, 1]
  17    8.739457    8.730721   0.00018503   0.01360116   0.6422   0.6877  1+[ 4, 0, 0]
  18    9.275818    9.263475   0.00025561   0.01598575   0.7720   0.5731  1+[ 4, 1, 1]
  19    5.784288    5.770074   0.00034409   0.01854643   0.7661   0.5704  1+[ 4, 4, 0]
  20   12.198913   12.161214   0.00069635   0.02637919   1.4281   0.5621  1+[ 4, 3, 1]
  21   -1.085862   -1.160326   0.00270110   0.05190187   1.4308   0.6156  1+[ 4, 2, 0]
  22   -7.253397  -22.177031   0.97968529   0.14107452   2.1490   0.7648  1+[ 2, 1, 1]
  23   -5.807120  -23.714236   0.98794372   0.10913718   1.9782   0.7920  1+[ 2, 0, 0]
  24   -0.645900  -28.924305   0.99403547   0.07699968   2.1905   0.6223  1+[ 2, 1, 1]
  25   27.579198  -57.282432   0.99956831   0.02077263   1.7636   0.9973  1+[ 0, 0, 0]
  26   45.447295   45.447136   0.00000132   0.00114689   0.1384   0.6274  1-[ 7, 0, 1]
  27   42.407393   42.407233   0.00000139   0.00118070   0.1353   0.4656  1-[ 7, 7, 0]
  28   42.748945   42.748684   0.00000227   0.00150680   0.1736   0.4543  1-[ 7, 6, 1]
  29   38.960185   38.959938   0.00000230   0.00151639   0.1633   0.4976  1-[ 7, 1, 0]
  30   44.193262   44.192849   0.00000349   0.00186942   0.2208   0.4904  1-[ 7, 2, 1]
  31   35.609921   35.609493   0.00000424   0.00206003   0.2080   0.4461  1-[ 7, 2, 1]
  32   47.664524   47.663546   0.00000782   0.00279586   0.3497   0.5462  1-[ 7, 4, 1]
  33   34.767470   34.766250   0.00001228   0.00350447   0.3479   0.5110  1-[ 7, 3, 0]
  34   20.434839   20.431940   0.00004106   0.00640752   0.4524   0.6526  1-[ 5, 0, 1]
  35   18.397460   18.394562   0.00004356   0.00659985   0.4391   0.5176  1-[ 5, 5, 0]
  36   22.220890   22.216861   0.00005432   0.00736979   0.5467   0.5434  1-[ 5, 4, 1]
  37   17.537778   17.533194   0.00007073   0.00840987   0.5451   0.5437  1-[ 5, 1, 0]
  38   27.990049   27.977944   0.00014121   0.01188244   1.0186   0.5568  1-[ 5, 2, 1]
  39   12.637218   12.618095   0.00034760   0.01864076   1.0255   0.5849  1-[ 5, 3, 0]
  40   -5.539014   -5.614463   0.00404295   0.06345554   1.1842   0.7057  1-[ 3, 0, 1]
  41   -8.270478   -8.371069   0.00762117   0.08696600   1.1479   0.6078  1-[ 3, 3, 0]
  42   -4.496613   -4.659687   0.00786027   0.08830904   1.8321   0.6676  1-[ 3, 2, 1]
  43  -13.033996  -14.879673   0.50265002   0.49999298   1.8359   0.5779  1-[ 3, 1, 0]
  44   10.691210  -40.334339   0.99810739   0.04346297   2.2219   0.8064  1-[ 1, 0, 1]
  45   14.023332  -43.673953   0.99845531   0.03927216   2.2694   0.8014  1-[ 1, 1, 0]
  46   47.445573   47.445558   0.00000012   0.00034447   0.0429   0.4968  3+[ 8, 3, 1]
  47   50.770446   50.770430   0.00000013   0.00035794   0.0470   0.7406  3+[ 8, 0, 2]
  48   43.952184   43.952152   0.00000027   0.00052110   0.0613   0.5339  3+[ 8, 1, 1]
  49   48.689944   48.689909   0.00000027   0.00052345   0.0665   0.4903  3+[ 8, 4, 2]
  50   50.372716   50.372633   0.00000063   0.00079659   0.1039   0.5379  3+[ 8, 6, 2]
  51   41.393308   41.393228   0.00000071   0.00084131   0.0947   0.4458  3+[ 8, 7, 1]
  52   56.532141   56.531922   0.00000154   0.00123972   0.1770   0.5737  3+[ 8, 4, 2]
  53   45.778396   45.778140   0.00000211   0.00145172   0.1761   0.5258  3+[ 8, 5, 1]
  54   28.821507   28.820621   0.00001014   0.00318367   0.2782   0.5473  3+[ 6, 3, 1]
  55   31.529543   31.528459   0.00001168   0.00341769   0.3172   0.7744  3+[ 6, 0, 2]
  56   37.093186   37.091746   0.00001386   0.00372252   0.3869   0.5572  3+[ 6, 4, 2]
  57   30.387743   30.386134   0.00001778   0.00421625   0.3816   0.5869  3+[ 6, 5, 1]
  58   42.973526   42.969634   0.00003365   0.00580058   0.6711   0.5379  3+[ 6, 2, 2]
  59   26.190635   26.185067   0.00006780   0.00823410   0.6762   0.5957  3+[ 6, 3, 1]
  60    9.275818    9.263475   0.00025561   0.01598575   0.7720   0.8105  3+[ 4, 0, 2]
  61    5.784288    5.770074   0.00034409   0.01854643   0.7661   0.6586  3+[ 4, 1, 1]
  62   12.198913   12.161214   0.00069635   0.02637919   1.4281   0.7541  3+[ 4, 2, 2]
  63   -1.085862   -1.160326   0.00270110   0.05190187   1.4308   0.6156  3+[ 4, 3, 1]
  64   -7.253397  -22.177031   0.97968529   0.14107452   2.1490   0.8831  3+[ 2, 0, 2]
  65   -0.645900  -28.924305   0.99403547   0.07699968   2.1905   0.8800  3+[ 2, 1, 1]
  66   42.407393   42.407233   0.00000139   0.00118070   0.1353   0.7711  3-[ 7, 0, 1]
  67   42.748945   42.748684   0.00000227   0.00150680   0.1736   0.5864  3-[ 7, 1, 2]
  68   38.960185   38.959938   0.00000230   0.00151639   0.1633   0.5078  3-[ 7, 6, 1]
  69   44.193262   44.192849   0.00000349   0.00186942   0.2208   0.5697  3-[ 7, 5, 2]
  70   35.609921   35.609493   0.00000424   0.00206003   0.2080   0.5279  3-[ 7, 2, 1]
  71   47.664524   47.663546   0.00000782   0.00279586   0.3497   0.5794  3-[ 7, 3, 2]
  72   34.767470   34.766250   0.00001228   0.00350447   0.3479   0.5794  3-[ 7, 4, 1]
  73   18.397460   18.394562   0.00004356   0.00659985   0.4391   0.8019  3-[ 5, 0, 1]
  74   22.220890   22.216861   0.00005432   0.00736979   0.5467   0.6792  3-[ 5, 1, 2]
  75   17.537778   17.533194   0.00007073   0.00840987   0.5451   0.6079  3-[ 5, 4, 1]
  76   27.990049   27.977944   0.00014121   0.01188244   1.0186   0.6496  3-[ 5, 3, 2]
  77   12.637218   12.618095   0.00034760   0.01864076   1.0255   0.5994  3-[ 5, 2, 1]
  78   -8.270478   -8.371069   0.00762117   0.08696600   1.1479   0.8596  3-[ 3, 0, 1]
  79   -4.496613   -4.659687   0.00786027   0.08830904   1.8321   0.8345  3-[ 3, 1, 2]
  80  -13.033996  -14.879673   0.50265002   0.49999298   1.8359   0.7461  3-[ 3, 2, 1]
  81   14.023332  -43.673953   0.99845531   0.03927216   2.2694   0.9815  3-[ 1, 0, 1]
  82   47.445573   47.445558   0.00000012   0.00034447   0.0429   0.8279  5+[ 8, 0, 2]
  83   43.952184   43.952152   0.00000027   0.00052110   0.0613   0.5286  5+[ 8, 4, 2]
  84   48.689944   48.689909   0.00000027   0.00052345   0.0665   0.6578  5+[ 8, 1, 3]
  85   50.372716   50.372633   0.00000063   0.00079659   0.1039   0.5705  5+[ 8, 5, 3]
  86   41.393308   41.393228   0.00000071   0.00084131   0.0947   0.5651  5+[ 8, 6, 2]
  87   56.532141   56.531922   0.00000154   0.00123972   0.1770   0.5760  5+[ 8, 3, 3]
  88   45.778396   45.778140   0.00000211   0.00145172   0.1761   0.6017  5+[ 8, 4, 2]
  89   28.821507   28.820621   0.00001014   0.00318367   0.2782   0.8653  5+[ 6, 0, 2]
  90   37.093186   37.091746   0.00001386   0.00372252   0.3869   0.7506  5+[ 6, 1, 3]
  91   30.387743   30.386134   0.00001778   0.00421625   0.3816   0.6014  5+[ 6, 4, 2]
  92   42.973526   42.969634   0.00003365   0.00580058   0.6711   0.6988  5+[ 6, 3, 3]
  93   26.190635   26.185067   0.00006780   0.00823410   0.6762   0.5651  5+[ 6, 2, 2]
  94    5.784288    5.770074   0.00034409   0.01854643   0.7661   0.9019  5+[ 4, 0, 2]
  95   12.198913   12.161214   0.00069635   0.02637919   1.4281   0.8798  5+[ 4, 1, 3]
  96   -1.085862   -1.160326   0.00270110   0.05190187   1.4308   0.8144  5+[ 4, 2, 2]
  97   -0.645900  -28.924305   0.99403547   0.07699968   2.1905   0.9839  5+[ 2, 0, 2]
  98   42.748945   42.748684   0.00000227   0.00150680   0.1736   0.8294  5-[ 7, 0, 3]
  99   38.960185   38.959938   0.00000230   0.00151639   0.1633   0.6424  5-[ 7, 1, 2]
 100   44.193262   44.192849   0.00000349   0.00186942   0.2208   0.5504  5-[ 7, 2, 3]
 101   35.609921   35.609493   0.00000424   0.00206003   0.2080   0.6070  5-[ 7, 5, 2]
 102   47.664524   47.663546   0.00000782   0.00279586   0.3497   0.6107  5-[ 7, 4, 3]
 103   34.767470   34.766250   0.00001228   0.00350447   0.3479   0.6107  5-[ 7, 3, 2]
 104   22.220890   22.216861   0.00005432   0.00736979   0.5467   0.8592  5-[ 5, 0, 3]
 105   17.537778   17.533194   0.00007073   0.00840987   0.5451   0.7445  5-[ 5, 1, 2]
 106   27.990049   27.977944   0.00014121   0.01188244   1.0186   0.8018  5-[ 5, 2, 3]
 107   12.637218   12.618095   0.00034760   0.01864076   1.0255   0.6921  5-[ 5, 3, 2]
 108   -4.496613   -4.659687   0.00786027   0.08830904   1.8321   0.9141  5-[ 3, 0, 3]
 109  -13.033996  -14.879673   0.50265002   0.49999298   1.8359   0.9138  5-[ 3, 1, 2]
 110   43.952184   43.952152   0.00000027   0.00052110   0.0613   0.7019  7+[ 8, 1, 3]
 111   48.689944   48.689909   0.00000027   0.00052345   0.0665   0.8613  7+[ 8, 0, 4]
 112   50.372716   50.372633   0.00000063   0.00079659   0.1039   0.6051  7+[ 8, 2, 4]
 113   41.393308   41.393228   0.00000071   0.00084131   0.0947   0.5957  7+[ 8, 5, 3]
 114   56.532141   56.531922   0.00000154   0.00123972   0.1770   0.6591  7+[ 8, 4, 4]
 115   45.778396   45.778140   0.00000211   0.00145172   0.1761   0.6017  7+[ 8, 3, 3]
 116   37.093186   37.091746   0.00001386   0.00372252   0.3869   0.8971  7+[ 6, 0, 4]
 117   30.387743   30.386134   0.00001778   0.00421625   0.3816   0.8018  7+[ 6, 1, 3]
 118   42.973526   42.969634   0.00003365   0.00580058   0.6711   0.8235  7+[ 6, 2, 4]
 119   26.190635   26.185067   0.00006780   0.00823410   0.6762   0.7296  7+[ 6, 3, 3]
 120   12.198913   12.161214   0.00069635   0.02637919   1.4281   0.9405  7+[ 4, 0, 4]
 121   -1.085862   -1.160326   0.00270110   0.05190187   1.4308   0.9404  7+[ 4, 1, 3]
 122   38.960185   38.959938   0.00000230   0.00151639   0.1633   0.8957  7-[ 7, 0, 3]
 123   44.193262   44.192849   0.00000349   0.00186942   0.2208   0.7912  7-[ 7, 1, 4]
 124   35.609921   35.609493   0.00000424   0.00206003   0.2080   0.5818  7-[ 7, 2, 3]
 125   47.664524   47.663546   0.00000782   0.00279586   0.3497   0.7511  7-[ 7, 3, 4]
 126   34.767470   34.766250   0.00001228   0.00350447   0.3479   0.6405  7-[ 7, 4, 3]
 127   17.537778   17.533194   0.00007073   0.00840987   0.5451   0.9285  7-[ 5, 0, 3]
 128   27.990049   27.977944   0.00014121   0.01188244   1.0186   0.9021  7-[ 5, 1, 4]
 129   12.637218   12.618095   0.00034760   0.01864076   1.0255   0.8476  7-[ 5, 2, 3]
 130  -13.033996  -14.879673   0.50265002   0.49999298   1.8359   0.9870  7-[ 3, 0, 3]
 131   43.952184   43.952152   0.00000027   0.00052110   0.0613   0.9118  9+[ 8, 0, 4]
 132   50.372716   50.372633   0.00000063   0.00079659   0.1039   0.8102  9+[ 8, 1, 5]
 133   41.393308   41.393228   0.00000071   0.00084131   0.0947   0.6287  9+[ 8, 2, 4]
 134   56.532141   56.531922   0.00000154   0.00123972   0.1770   0.7822  9+[ 8, 3, 5]
 135   45.778396   45.778140   0.00000211   0.00145172   0.1761   0.6860  9+[ 8, 4, 4]
 136   30.387743   30.386134   0.00001778   0.00421625   0.3816   0.9509  9+[ 6, 0, 4]
 137   42.973526   42.969634   0.00003365   0.00580058   0.6711   0.9058  9+[ 6, 1, 5]
 138   26.190635   26.185067   0.00006780   0.00823410   0.6762   0.8555  9+[ 6, 2, 4]
 139   -1.085862   -1.160326   0.00270110   0.05190187   1.4308   0.9974  9+[ 4, 0, 4]
 140   44.193262   44.192849   0.00000349   0.00186942   0.2208   0.9136  9-[ 7, 0, 5]
 141   35.609921   35.609493   0.00000424   0.00206003   0.2080   0.8312  9-[ 7, 1, 4]
 142   47.664524   47.663546   0.00000782   0.00279586   0.3497   0.8593  9-[ 7, 2, 5]
 143   34.767470   34.766250   0.00001228   0.00350447   0.3479   0.7845  9-[ 7, 3, 4]
 144   27.990049   27.977944   0.00014121   0.01188244   1.0186   0.9509  9-[ 5, 0, 5]
 145   12.637218   12.618095   0.00034760   0.01864076   1.0255   0.9477  9-[ 5, 1, 4]
 146   50.372716   50.372633   0.00000063   0.00079659   0.1039   0.9140 11+[ 8, 0, 6]
 147   41.393308   41.393228   0.00000071   0.00084131   0.0947   0.8382 11+[ 8, 1, 5]
 148   56.532141   56.531922   0.00000154   0.00123972   0.1770   0.8767 11+[ 8, 2, 6]
 149   45.778396   45.778140   0.00000211   0.00145172   0.1761   0.8117 11+[ 8, 3, 5]
 150   42.973526   42.969634   0.00003365   0.00580058   0.6711   0.9461 11+[ 6, 0, 6]
 151   26.190635   26.185067   0.00006780   0.00823410   0.6762   0.9372 11+[ 6, 1, 5]
 152   35.609921   35.609493   0.00000424   0.00206003   0.2080   0.9549 11-[ 7, 0, 5]
 153   47.664524   47.663546   0.00000782   0.00279586   0.3497   0.9309 11-[ 7, 1, 6]
 154   34.767470   34.766250   0.00001228   0.00350447   0.3479   0.8944 11-[ 7, 2, 5]
 155   12.637218   12.618095   0.00034760   0.01864076   1.0255   0.9939 11-[ 5, 0, 5]
 156   41.393308   41.393228   0.00000071   0.00084131   0.0947   0.9424 13+[ 8, 0, 6]
 157   56.532141   56.531922   0.00000154   0.00123972   0.1770   0.9393 13+[ 8, 1, 7]
 158   45.778396   45.778140   0.00000211   0.00145172   0.1761   0.9075 13+[ 8, 2, 6]
 159   26.190635   26.185067   0.00006780   0.00823410   0.6762   0.9755 13+[ 6, 0, 6]
 160   47.664524   47.663546   0.00000782   0.00279586   0.3497   0.9661 13-[ 7, 0, 7]
 161   34.767470   34.766250   0.00001228   0.00350447   0.3479   0.9661 13-[ 7, 1, 6]
 162   56.532141   56.531922   0.00000154   0.00123972   0.1770   0.9701 15+[ 8, 0, 8]
 163   45.778396   45.778140   0.00000211   0.00145172   0.1761   0.9701 15+[ 8, 1, 7]
 164   34.767470   34.766250   0.00001228   0.00350447   0.3479   1.0000 15-[ 7, 0, 7]
 165   45.778396   45.778140   0.00000211   0.00145172   0.1761   1.0000 17+[ 8, 0, 8]
  Sum canonical e_v*V^2_k=  -735.83340210699203     

  NB! From expect (UNPROJECTED RESULTS)

  pairing: CpV0,CpV1,...           0.000000       0.000000       0.000000       0.000000
  forces:   D1S                           


                             neutrons         protons         total
  Requested part.numbs.      26.000000      24.000000      50.000000
  UnPj(av) part.numbs .      26.000000      24.000000      50.000000
  b0, bz, bp ..........       1.762234       1.762234       1.762234

  lambda (ala) ........     -12.175927     -14.869942
  Lambda (alast) ......     -12.175927     -14.869942
  delta(n,p), pwi .....       1.800054       2.082898      60.000000
  pairing energy ......     -12.433015

  rms-radius ..........       3.519819       3.482276       3.501849
  charge-radius, r0 ...                      3.578054       4.420838
  deformation beta2....      -0.000000      -0.000000      -0.000000
  dipole moment[fm] ...       0.000000       0.000000       0.000000
  quadrupole moment[b]       -0.000000      -0.000000      -0.000000
  octupole moment .....       0.000000       0.000000       0.000000
  hexadecapole moment .      -0.000000      -0.000000      -0.000000
  q5 ..................       0.000000       0.000000       0.000000
  q6 ..................      -0.000000      -0.000000      -0.000000
  q7 ..................       0.000000       0.000000       0.000000
  q8 ..................       0.000000       0.000000       0.000000

  <Jx^2> from rho .....       6.968840       9.067034      16.035874
  <Jx^2> from kappa ...      -6.968840      -9.067034     -16.035874
  <J^2> = 2*<Jx^2> ....      -0.000000      -0.000000      -0.000000

  kinetic energy ......     481.323414     429.640259     910.963672
  volume energy .......                                  1535.471665
        rho_tau .......                                     0.000000
        rho_rho .......                                  1535.471665
  surface energy ......                                     0.000000
   rho_DELTA_rho ......                                     0.000000
   (NABLA_rho)^2 ......                                     0.000000
  spin-orbit energy ...                                   -46.141584
        rho_NABLA_J ...                                   -46.141584
        NABLA_rho_J ...                                     0.000000
 finite range direct...                                 -2787.080053
 finite range exchange.                                  -143.505594
 finite range total....                                 -2930.585647
 finite range pairing..                                   -12.433015
  coulomb energy ......                                     0.000000
          direct ......                                     0.000000
          exchange ....                                     0.000000
          pairing .....                                     0.000000
  tensor energy .......                                     0.000000
  direct Hartree E  ...                                     0.000000
  Extra E .............                                     0.000000
  External field E ....                                     0.000000
  Entropy .............       0.000000       0.000000       0.000000

  tEnergy: ehfb (qp)...                                  -542.724908

  Calculated but not added corrections
  ====================================
  cmc-diagonal part ...       9.822927       8.768169      18.591095
  cmc-hfb .............       0.000000       0.000000       0.000000
  cranking rot corr ...       0.000000       0.000000       0.000000

  SQUJ ................       0.000000       0.000000       0.000000
  CRAN x 4 ............       0.000000       0.000000       0.000000
  Rigit Body ..........       0.000000       0.000000       0.000000


   Blocking candidates are:
   neutron eqpmin=   1.8385814608305795       pwiblo=   1.0000000000000000     
    num=   1 block=   2 state=   1    26 Eqp=   1.83858146  (1-2N)E=  -0.89721681  overl=   0.49799322  1-[ 3, 1, 0]
    num=   2 block=   4 state=   1    66 Eqp=   1.83858146  (1-2N)E=  -0.89721681  overl=   0.64290649  3-[ 3, 2, 1]
    num=   3 block=   6 state=   1    98 Eqp=   1.83858146  (1-2N)E=  -0.89721682  overl=   0.78739642  5-[ 3, 1, 2]
    num=   4 block=   8 state=   1   122 Eqp=   1.83858146  (1-2N)E=  -0.89721682  overl=   0.85048534  7-[ 3, 0, 3]

   Blocking candidates are:
   proton  eqpmin=   1.8306795082465126       pwiblo=   1.0000000000000000     
    num=   1 block=   2 state=   1    26 Eqp=   1.83067951  (1-2N)E=  -0.00938579  overl=   0.40970714  1-[ 3, 1, 0]
    num=   2 block=   4 state=   1    66 Eqp=   1.83067951  (1-2N)E=  -0.00938579  overl=   0.52892964  3-[ 3, 2, 1]
    num=   3 block=   6 state=   1    98 Eqp=   1.83067951  (1-2N)E=  -0.00938579  overl=   0.64780386  5-[ 3, 1, 2]
    num=   4 block=   8 state=   1   122 Eqp=   1.83067951  (1-2N)E=  -0.00938579  overl=   0.69970814  7-[ 3, 0, 3]



 HFBTHO_SOLVER ended without errors

