# E(I)-E(I-1) PLOT: LOWEST ENERGY = -0.0618   SPIN =  9/2                       
  5.5    0.0644                                                                 
  6.5    0.0060                                                                 
  7.5    0.1741                                                                 
  8.5    0.0115                                                                 
  9.5    0.2998                                                                 
 10.5    0.0041                                                                 
 11.5    0.4325                                                                 
 12.5   -0.0123                                                                 
 13.5    0.5647                                                                 
 14.5   -0.0351                                                                 
 15.5    0.6913                                                                 
 16.5   -0.0622                                                                 
 17.5    0.8080                                                                 
 18.5   -0.0915                                                                 
 19.5    0.9095                                                                 
 20.5   -0.1200                                                                 
 21.5    0.9890                                                                 
 22.5   -0.1439                                                                 
 23.5    1.0502                                                                 
 24.5   -0.1663                                                                 
 25.5    1.1199                                                                 
 26.5   -0.1992                                                                 
 27.5    1.2157                                                                 
 28.5   -0.2435                                                                 
 29.5    1.2037                                                                 
