# ENRGIES RELATIVE TO -0.0618                                                   
# YRAST                                                                         
  0.5    1.1520                                                                 
  1.5    0.7209                                                                 
  2.5    0.0412                                                                 
  3.5    0.0173                                                                 
  4.5    0.0000                                                                 
  5.5    0.0644                                                                 
  6.5    0.0704                                                                 
  7.5    0.2445                                                                 
  8.5    0.2560                                                                 
  9.5    0.5558                                                                 
 10.5    0.5598                                                                 
 11.5    0.9923                                                                 
 12.5    0.9799                                                                 
 13.5    1.5446                                                                 
 14.5    1.5095                                                                 
 15.5    2.2008                                                                 
 16.5    2.1386                                                                 
 17.5    2.9466                                                                 
 18.5    2.8550                                                                 
 19.5    3.7645                                                                 
 20.5    3.6444                                                                 
 21.5    4.6334                                                                 
 22.5    4.4895                                                                 
 23.5    5.5397                                                                 
 24.5    5.3735                                                                 
 25.5    6.4934                                                                 
 26.5    6.2942                                                                 
 27.5    7.5099                                                                 
 28.5    7.2665                                                                 
 29.5    8.4702                                                                 
&                                                                               
# BAND:  1   K =  1/2                                                           
  0.5    1.1667                                                                 
  1.5    1.4915                                                                 
  2.5    0.9954                                                                 
  3.5    1.7169                                                                 
  4.5    0.8968                                                                 
  5.5    1.9429                                                                 
  6.5    0.8976                                                                 
  7.5    2.1865                                                                 
  8.5    1.0147                                                                 
  9.5    2.4762                                                                 
 10.5    1.2555                                                                 
 11.5    2.8397                                                                 
 12.5    1.6198                                                                 
 13.5    3.2961                                                                 
 14.5    2.1022                                                                 
 15.5    3.8541                                                                 
 16.5    2.6951                                                                 
 17.5    4.5144                                                                 
 18.5    3.3901                                                                 
 19.5    5.2728                                                                 
 20.5    4.1790                                                                 
 21.5    6.1235                                                                 
 22.5    5.0545                                                                 
 23.5    7.0604                                                                 
 24.5    6.0098                                                                 
 25.5    8.0783                                                                 
 26.5    7.0392                                                                 
 27.5    9.1728                                                                 
 28.5    8.1372                                                                 
 29.5   10.3406                                                                 
&                                                                               
# BAND:  2   K = -3/2                                                           
  1.5    0.7552                                                                 
  2.5    0.7325                                                                 
  3.5    0.7549                                                                 
  4.5    0.6948                                                                 
  5.5    0.8114                                                                 
  6.5    0.6962                                                                 
  7.5    0.9640                                                                 
  8.5    0.7855                                                                 
  9.5    1.2357                                                                 
 10.5    0.9944                                                                 
 11.5    1.6343                                                                 
 12.5    1.3355                                                                 
 13.5    2.1575                                                                 
 14.5    1.8073                                                                 
 15.5    2.7979                                                                 
 16.5    2.4012                                                                 
 17.5    3.5459                                                                 
 18.5    3.1063                                                                 
 19.5    4.3918                                                                 
 20.5    3.9114                                                                 
 21.5    5.3270                                                                 
 22.5    4.8063                                                                 
 23.5    6.3443                                                                 
 24.5    5.7823                                                                 
 25.5    7.4376                                                                 
 26.5    6.8318                                                                 
 27.5    8.6023                                                                 
 28.5    7.9483                                                                 
 29.5    9.8346                                                                 
&                                                                               
# BAND:  3   K =  5/2                                                           
  2.5    0.0772                                                                 
  3.5    0.1189                                                                 
  4.5    0.1754                                                                 
  5.5    0.2531                                                                 
  6.5    0.3446                                                                 
  7.5    0.4719                                                                 
  8.5    0.6001                                                                 
  9.5    0.7920                                                                 
 10.5    0.9527                                                                 
 11.5    1.2230                                                                 
 12.5    1.4072                                                                 
 13.5    1.7679                                                                 
 14.5    1.9632                                                                 
 15.5    2.4239                                                                 
 16.5    2.6171                                                                 
 17.5    3.1855                                                                 
 18.5    3.3634                                                                 
 19.5    4.0457                                                                 
 20.5    4.1955                                                                 
 21.5    4.9973                                                                 
 22.5    5.1069                                                                 
 23.5    6.0334                                                                 
 24.5    6.0913                                                                 
 25.5    7.1478                                                                 
 26.5    7.1431                                                                 
 27.5    8.3352                                                                 
 28.5    8.2572                                                                 
 29.5    9.5908                                                                 
&                                                                               
# BAND:  4   K = -7/2                                                           
  3.5    0.5734                                                                 
  4.5    0.6291                                                                 
  5.5    0.7037                                                                 
  6.5    0.7992                                                                 
  7.5    0.9185                                                                 
  8.5    1.0618                                                                 
  9.5    1.2337                                                                 
 10.5    1.4281                                                                 
 11.5    1.6575                                                                 
 12.5    1.9018                                                                 
 13.5    2.1919                                                                 
 14.5    2.4808                                                                 
 15.5    2.8341                                                                 
 16.5    3.1594                                                                 
 17.5    3.5791                                                                 
 18.5    3.9306                                                                 
 19.5    4.4207                                                                 
 20.5    4.7865                                                                 
 21.5    5.3525                                                                 
 22.5    5.7196                                                                 
 23.5    6.3685                                                                 
 24.5    6.7230                                                                 
 25.5    7.4628                                                                 
 26.5    7.7903                                                                 
 27.5    8.6304                                                                 
 28.5    8.9160                                                                 
 29.5    9.8664                                                                 
&                                                                               
# BAND:  5   K =  9/2                                                           
  4.5    1.9234                                                                 
  5.5    1.9707                                                                 
  6.5    2.0391                                                                 
  7.5    2.1316                                                                 
  8.5    2.2506                                                                 
  9.5    2.3979                                                                 
 10.5    2.5739                                                                 
 11.5    2.7797                                                                 
 12.5    3.0135                                                                 
 13.5    3.2775                                                                 
 14.5    3.5664                                                                 
 15.5    3.8865                                                                 
 16.5    4.2253                                                                 
 17.5    4.5992                                                                 
 18.5    4.9817                                                                 
 19.5    5.4079                                                                 
 20.5    5.8269                                                                 
 21.5    6.3052                                                                 
 22.5    6.7524                                                                 
 23.5    7.2845                                                                 
 24.5    7.7505                                                                 
 25.5    8.3397                                                                 
 26.5    8.8144                                                                 
 27.5    9.4659                                                                 
 28.5    9.9379                                                                 
 29.5   10.6587                                                                 
&                                                                               
# BAND:  6   K = -5/2                                                           
  2.5    3.3638                                                                 
  3.5    3.3946                                                                 
  4.5    3.4276                                                                 
  5.5    3.4753                                                                 
  6.5    3.5018                                                                 
  7.5    3.5805                                                                 
  8.5    3.5748                                                                 
  9.5    3.7173                                                                 
 10.5    3.6504                                                                 
 11.5    3.9009                                                                 
 12.5    3.7495                                                                 
 13.5    4.1499                                                                 
 14.5    3.9027                                                                 
 15.5    4.4809                                                                 
 16.5    4.1384                                                                 
 17.5    4.9056                                                                 
 18.5    4.4759                                                                 
 19.5    5.4302                                                                 
 20.5    4.9245                                                                 
 21.5    6.0561                                                                 
 22.5    5.4850                                                                 
 23.5    6.7813                                                                 
 24.5    6.1533                                                                 
 25.5    7.6016                                                                 
 26.5    6.9225                                                                 
 27.5    8.5118                                                                 
 28.5    7.7852                                                                 
 29.5    9.5065                                                                 
&                                                                               
# BAND:  7   K =  3/2                                                           
  1.5    2.9629                                                                 
  2.5    2.9812                                                                 
  3.5    3.0124                                                                 
  4.5    3.0399                                                                 
  5.5    3.0934                                                                 
  6.5    3.1271                                                                 
  7.5    3.2044                                                                 
  8.5    3.2487                                                                 
  9.5    3.3483                                                                 
 10.5    3.4157                                                                 
 11.5    3.5351                                                                 
 12.5    3.6414                                                                 
 13.5    3.7799                                                                 
 14.5    3.9380                                                                 
 15.5    4.0992                                                                 
 16.5    4.3152                                                                 
 17.5    4.5072                                                                 
 18.5    4.7788                                                                 
 19.5    5.0133                                                                 
 20.5    5.3315                                                                 
 21.5    5.6221                                                                 
 22.5    5.9729                                                                 
 23.5    6.3334                                                                 
 24.5    6.7007                                                                 
 25.5    7.1444                                                                 
 26.5    7.5113                                                                 
 27.5    8.0504                                                                 
 28.5    8.4001                                                                 
 29.5    9.0457                                                                 
&                                                                               
# BAND:  8   K = -9/2                                                           
  4.5    3.5237                                                                 
  5.5    3.5645                                                                 
  6.5    3.6118                                                                 
  7.5    3.6662                                                                 
  8.5    3.7285                                                                 
  9.5    3.8004                                                                 
 10.5    3.8831                                                                 
 11.5    3.9800                                                                 
 12.5    4.0905                                                                 
 13.5    4.2216                                                                 
 14.5    4.3668                                                                 
 15.5    4.5415                                                                 
 16.5    4.7258                                                                 
 17.5    4.9520                                                                 
 18.5    5.1761                                                                 
 19.5    5.4610                                                                 
 20.5    5.7215                                                                 
 21.5    6.0714                                                                 
 22.5    6.3617                                                                 
 23.5    6.7829                                                                 
 24.5    7.0935                                                                 
 25.5    7.5930                                                                 
 26.5    7.9117                                                                 
 27.5    8.4974                                                                 
 28.5    8.8103                                                                 
 29.5    9.4916                                                                 
&                                                                               
# BAND:  9   K = 11/2                                                           
  5.5    3.6153                                                                 
  6.5    3.6860                                                                 
  7.5    3.7504                                                                 
  8.5    3.8079                                                                 
  9.5    3.8605                                                                 
 10.5    3.9127                                                                 
 11.5    3.9704                                                                 
 12.5    4.0401                                                                 
 13.5    4.1278                                                                 
 14.5    4.2388                                                                 
 15.5    4.3771                                                                 
 16.5    4.5455                                                                 
 17.5    4.7455                                                                 
 18.5    4.9777                                                                 
 19.5    5.2420                                                                 
 20.5    5.5377                                                                 
 21.5    5.8638                                                                 
 22.5    6.2191                                                                 
 23.5    6.6024                                                                 
 24.5    7.0121                                                                 
 25.5    7.4472                                                                 
 26.5    7.9062                                                                 
 27.5    8.3881                                                                 
 28.5    8.8916                                                                 
 29.5    9.4158                                                                 
&                                                                               
# BAND: 10   K =  3/2                                                           
  1.5    2.9831                                                                 
  2.5    2.9934                                                                 
  3.5    3.0346                                                                 
  4.5    3.0208                                                                 
  5.5    3.1277                                                                 
  6.5    3.0384                                                                 
  7.5    3.2703                                                                 
  8.5    3.0482                                                                 
  9.5    3.4734                                                                 
 10.5    3.0762                                                                 
 11.5    3.7489                                                                 
 12.5    3.1621                                                                 
 13.5    4.1070                                                                 
 14.5    3.3418                                                                 
 15.5    4.5544                                                                 
 16.5    3.6372                                                                 
 17.5    5.0942                                                                 
 18.5    4.0559                                                                 
 19.5    5.7266                                                                 
 20.5    4.5960                                                                 
 21.5    6.4494                                                                 
 22.5    5.2506                                                                 
 23.5    7.2593                                                                 
 24.5    6.0113                                                                 
 25.5    8.1521                                                                 
 26.5    6.8697                                                                 
 27.5    9.1239                                                                 
 28.5    7.8182                                                                 
 29.5   10.1707                                                                 
&                                                                               
# BAND: 11   K = -1/2                                                           
  0.5    2.5549                                                                 
  1.5    2.6650                                                                 
  2.5    2.5360                                                                 
  3.5    2.7424                                                                 
  4.5    2.5822                                                                 
  5.5    2.7917                                                                 
  6.5    2.6902                                                                 
  7.5    2.8213                                                                 
  8.5    2.8450                                                                 
  9.5    2.8714                                                                 
 10.5    3.0329                                                                 
 11.5    2.9913                                                                 
 12.5    3.2518                                                                 
 13.5    3.2184                                                                 
 14.5    3.5145                                                                 
 15.5    3.5715                                                                 
 16.5    3.8429                                                                 
 17.5    4.0541                                                                 
 18.5    4.2588                                                                 
 19.5    4.6614                                                                 
 20.5    4.7770                                                                 
 21.5    5.3844                                                                 
 22.5    5.4034                                                                 
 23.5    6.2133                                                                 
 24.5    6.1372                                                                 
 25.5    7.1390                                                                 
 26.5    6.9732                                                                 
 27.5    8.1531                                                                 
 28.5    7.9044                                                                 
 29.5    9.2488                                                                 
&                                                                               
# BAND: 12   K =  7/2                                                           
  3.5    2.1125                                                                 
  4.5    2.1570                                                                 
  5.5    2.2106                                                                 
  6.5    2.2727                                                                 
  7.5    2.3459                                                                 
  8.5    2.4263                                                                 
  9.5    2.5260                                                                 
 10.5    2.6266                                                                 
 11.5    2.7657                                                                 
 12.5    2.8872                                                                 
 13.5    3.0832                                                                 
 14.5    3.2230                                                                 
 15.5    3.4943                                                                 
 16.5    3.6460                                                                 
 17.5    4.0095                                                                 
 18.5    4.1634                                                                 
 19.5    4.6334                                                                 
 20.5    4.7777                                                                 
 21.5    5.3655                                                                 
 22.5    5.4878                                                                 
 23.5    6.2022                                                                 
 24.5    6.2897                                                                 
 25.5    7.1382                                                                 
 26.5    7.1784                                                                 
 27.5    8.1675                                                                 
 28.5    8.1481                                                                 
 29.5    9.2842                                                                 
&                                                                               
# BAND: 13   K = -5/2                                                           
  2.5    2.5881                                                                 
  3.5    2.6281                                                                 
  4.5    2.6780                                                                 
  5.5    2.7385                                                                 
  6.5    2.8071                                                                 
  7.5    2.8888                                                                 
  8.5    2.9769                                                                 
  9.5    3.0844                                                                 
 10.5    3.1970                                                                 
 11.5    3.3368                                                                 
 12.5    3.4824                                                                 
 13.5    3.6607                                                                 
 14.5    3.8486                                                                 
 15.5    4.0693                                                                 
 16.5    4.3075                                                                 
 17.5    4.5722                                                                 
 18.5    4.8650                                                                 
 19.5    5.1740                                                                 
 20.5    5.5220                                                                 
 21.5    5.8756                                                                 
 22.5    6.2756                                                                 
 23.5    6.6749                                                                 
 24.5    7.1205                                                                 
 25.5    7.5684                                                                 
 26.5    8.0500                                                                 
 27.5    8.5515                                                                 
 28.5    9.0571                                                                 
 29.5    9.6197                                                                 
&                                                                               
# BAND: 14   K = -9/2                                                           
  4.5    3.5430                                                                 
  5.5    3.5723                                                                 
  6.5    3.6091                                                                 
  7.5    3.6541                                                                 
  8.5    3.7085                                                                 
  9.5    3.7733                                                                 
 10.5    3.8497                                                                 
 11.5    3.9391                                                                 
 12.5    4.0428                                                                 
 13.5    4.1620                                                                 
 14.5    4.2984                                                                 
 15.5    4.4531                                                                 
 16.5    4.6277                                                                 
 17.5    4.8228                                                                 
 18.5    5.0401                                                                 
 19.5    5.2794                                                                 
 20.5    5.5424                                                                 
 21.5    5.8279                                                                 
 22.5    6.1379                                                                 
 23.5    6.4701                                                                 
 24.5    6.8266                                                                 
 25.5    7.2049                                                                 
 26.5    7.6061                                                                 
 27.5    8.0291                                                                 
 28.5    8.4723                                                                 
 29.5    8.9384                                                                 
&                                                                               
# BAND: 15   K = -1/2                                                           
  0.5    2.8557                                                                 
  1.5    2.8706                                                                 
  2.5    2.8954                                                                 
  3.5    2.9304                                                                 
  4.5    2.9758                                                                 
  5.5    3.0320                                                                 
  6.5    3.0992                                                                 
  7.5    3.1780                                                                 
  8.5    3.2689                                                                 
  9.5    3.3724                                                                 
 10.5    3.4893                                                                 
 11.5    3.6203                                                                 
 12.5    3.7664                                                                 
 13.5    3.9284                                                                 
 14.5    4.1072                                                                 
 15.5    4.3040                                                                 
 16.5    4.5195                                                                 
 17.5    4.7547                                                                 
 18.5    5.0102                                                                 
 19.5    5.2867                                                                 
 20.5    5.5845                                                                 
 21.5    5.9040                                                                 
 22.5    6.2453                                                                 
 23.5    6.6083                                                                 
 24.5    6.9930                                                                 
 25.5    7.3990                                                                 
 26.5    7.8259                                                                 
 27.5    8.2735                                                                 
 28.5    8.7411                                                                 
 29.5    9.2281                                                                 
&                                                                               
# BAND: 16   K =-13/2                                                           
  6.5    3.3244                                                                 
  7.5    3.4039                                                                 
  8.5    3.4954                                                                 
  9.5    3.5994                                                                 
 10.5    3.7166                                                                 
 11.5    3.8475                                                                 
 12.5    3.9931                                                                 
 13.5    4.1542                                                                 
 14.5    4.3318                                                                 
 15.5    4.5269                                                                 
 16.5    4.7406                                                                 
 17.5    4.9738                                                                 
 18.5    5.2272                                                                 
 19.5    5.5018                                                                 
 20.5    5.7979                                                                 
 21.5    6.1159                                                                 
 22.5    6.4561                                                                 
 23.5    6.8184                                                                 
 24.5    7.2029                                                                 
 25.5    7.6090                                                                 
 26.5    8.0370                                                                 
 27.5    8.4855                                                                 
 28.5    8.9552                                                                 
 29.5    9.4443                                                                 
&                                                                               
# BAND: 17   K =  7/2                                                           
  3.5    3.7234                                                                 
  4.5    3.7474                                                                 
  5.5    3.7781                                                                 
  6.5    3.8167                                                                 
  7.5    3.8641                                                                 
  8.5    3.9219                                                                 
  9.5    3.9915                                                                 
 10.5    4.0745                                                                 
 11.5    4.1726                                                                 
 12.5    4.2875                                                                 
 13.5    4.4208                                                                 
 14.5    4.5738                                                                 
 15.5    4.7480                                                                 
 16.5    4.9443                                                                 
 17.5    5.1637                                                                 
 18.5    5.4067                                                                 
 19.5    5.6737                                                                 
 20.5    5.9648                                                                 
 21.5    6.2800                                                                 
 22.5    6.6192                                                                 
 23.5    6.9819                                                                 
 24.5    7.3677                                                                 
 25.5    7.7762                                                                 
 26.5    8.2066                                                                 
 27.5    8.6585                                                                 
 28.5    9.1312                                                                 
 29.5    9.6240                                                                 
&                                                                               
# BAND: 18   K = 15/2                                                           
  7.5    3.0936                                                                 
  8.5    3.1842                                                                 
  9.5    3.2875                                                                 
 10.5    3.4043                                                                 
 11.5    3.5358                                                                 
 12.5    3.6833                                                                 
 13.5    3.8479                                                                 
 14.5    4.0310                                                                 
 15.5    4.2338                                                                 
 16.5    4.4574                                                                 
 17.5    4.7027                                                                 
 18.5    4.9705                                                                 
 19.5    5.2613                                                                 
 20.5    5.5754                                                                 
 21.5    5.9131                                                                 
 22.5    6.2743                                                                 
 23.5    6.6587                                                                 
 24.5    7.0661                                                                 
 25.5    7.4960                                                                 
 26.5    7.9478                                                                 
 27.5    8.4213                                                                 
 28.5    8.9150                                                                 
 29.5    9.4295                                                                 
&                                                                               
# BAND: 19   K =  9/2                                                           
  4.5    3.5370                                                                 
  5.5    3.5508                                                                 
  6.5    3.5767                                                                 
  7.5    3.6177                                                                 
  8.5    3.6763                                                                 
  9.5    3.7543                                                                 
 10.5    3.8533                                                                 
 11.5    3.9741                                                                 
 12.5    4.1173                                                                 
 13.5    4.2833                                                                 
 14.5    4.4721                                                                 
 15.5    4.6836                                                                 
 16.5    4.9178                                                                 
 17.5    5.1744                                                                 
 18.5    5.4532                                                                 
 19.5    5.7538                                                                 
 20.5    6.0760                                                                 
 21.5    6.4194                                                                 
 22.5    6.7837                                                                 
 23.5    7.1684                                                                 
 24.5    7.5732                                                                 
 25.5    7.9976                                                                 
 26.5    8.4412                                                                 
 27.5    8.9035                                                                 
 28.5    9.3842                                                                 
 29.5    9.8826                                                                 
&                                                                               
# BAND: 20   K = 17/2                                                           
  8.5    3.0296                                                                 
  9.5    3.1392                                                                 
 10.5    3.2687                                                                 
 11.5    3.4189                                                                 
 12.5    3.5902                                                                 
 13.5    3.7829                                                                 
 14.5    3.9971                                                                 
 15.5    4.2329                                                                 
 16.5    4.4902                                                                 
 17.5    4.7690                                                                 
 18.5    5.0692                                                                 
 19.5    5.3906                                                                 
 20.5    5.7332                                                                 
 21.5    6.0966                                                                 
 22.5    6.4807                                                                 
 23.5    6.8853                                                                 
 24.5    7.3097                                                                 
 25.5    7.7541                                                                 
 26.5    8.2174                                                                 
 27.5    8.7000                                                                 
 28.5    9.2002                                                                 
 29.5    9.7192                                                                 
&                                                                               
# BAND: 21   K =  5/2                                                           
  2.5    3.5187                                                                 
  3.5    3.5582                                                                 
  4.5    3.6107                                                                 
  5.5    3.6772                                                                 
  6.5    3.7589                                                                 
  7.5    3.8568                                                                 
  8.5    3.9716                                                                 
  9.5    4.1043                                                                 
 10.5    4.2555                                                                 
 11.5    4.4256                                                                 
 12.5    4.6150                                                                 
 13.5    4.8240                                                                 
 14.5    5.0528                                                                 
 15.5    5.3015                                                                 
 16.5    5.5703                                                                 
 17.5    5.8591                                                                 
 18.5    6.1680                                                                 
 19.5    6.4969                                                                 
 20.5    6.8457                                                                 
 21.5    7.2144                                                                 
 22.5    7.6026                                                                 
 23.5    8.0102                                                                 
 24.5    8.4370                                                                 
 25.5    8.8825                                                                 
 26.5    9.3465                                                                 
 27.5    9.8286                                                                 
 28.5   10.3282                                                                 
 29.5   10.8451                                                                 
&                                                                               
# BAND: 22   K =  1/2                                                           
  0.5    3.3600                                                                 
  1.5    3.4717                                                                 
  2.5    3.3399                                                                 
  3.5    3.5526                                                                 
  4.5    3.3821                                                                 
  5.5    3.6048                                                                 
  6.5    3.4818                                                                 
  7.5    3.6290                                                                 
  8.5    3.6224                                                                 
  9.5    3.6573                                                                 
 10.5    3.7869                                                                 
 11.5    3.7347                                                                 
 12.5    3.9687                                                                 
 13.5    3.8992                                                                 
 14.5    4.1771                                                                 
 15.5    4.1728                                                                 
 16.5    4.4337                                                                 
 17.5    4.5639                                                                 
 18.5    4.7635                                                                 
 19.5    5.0723                                                                 
 20.5    5.1862                                                                 
 21.5    5.6929                                                                 
 22.5    5.7128                                                                 
 23.5    6.4190                                                                 
 24.5    6.3461                                                                 
 25.5    7.2429                                                                 
 26.5    7.0831                                                                 
 27.5    8.1573                                                                 
 28.5    7.9178                                                                 
 29.5    9.1555                                                                 
&                                                                               
# BAND: 23   K = -7/2                                                           
  3.5    2.9752                                                                 
  4.5    3.0099                                                                 
  5.5    3.0517                                                                 
  6.5    3.1002                                                                 
  7.5    3.1573                                                                 
  8.5    3.2204                                                                 
  9.5    3.2984                                                                 
 10.5    3.3782                                                                 
 11.5    3.4877                                                                 
 12.5    3.5857                                                                 
 13.5    3.7412                                                                 
 14.5    3.8569                                                                 
 15.5    4.0749                                                                 
 16.5    4.2044                                                                 
 17.5    4.5012                                                                 
 18.5    4.6376                                                                 
 19.5    5.0277                                                                 
 20.5    5.1618                                                                 
 21.5    5.6575                                                                 
 22.5    5.7783                                                                 
 23.5    6.3898                                                                 
 24.5    6.4859                                                                 
 25.5    7.2215                                                                 
 26.5    7.2810                                                                 
 27.5    8.1478                                                                 
 28.5    8.1589                                                                 
 29.5    9.1635                                                                 
&                                                                               
# BAND: 24   K =  5/2                                                           
  2.5    3.4617                                                                 
  3.5    3.4937                                                                 
  4.5    3.5335                                                                 
  5.5    3.5817                                                                 
  6.5    3.6364                                                                 
  7.5    3.7014                                                                 
  8.5    3.7715                                                                 
  9.5    3.8568                                                                 
 10.5    3.9465                                                                 
 11.5    4.0582                                                                 
 12.5    4.1749                                                                 
 13.5    4.3193                                                                 
 14.5    4.4717                                                                 
 15.5    4.6538                                                                 
 16.5    4.8499                                                                 
 17.5    5.0729                                                                 
 18.5    5.3185                                                                 
 19.5    5.5837                                                                 
 20.5    5.8815                                                                 
 21.5    6.1897                                                                 
 22.5    6.5390                                                                 
 23.5    6.8912                                                                 
 24.5    7.2881                                                                 
 25.5    7.6863                                                                 
 26.5    8.1238                                                                 
 27.5    8.5716                                                                 
 28.5    9.0401                                                                 
 29.5    9.5430                                                                 
&                                                                               
# BAND: 25   K = 17/2                                                           
  8.5    3.6652                                                                 
  9.5    3.7513                                                                 
 10.5    3.8186                                                                 
 11.5    3.8744                                                                 
 12.5    3.9284                                                                 
 13.5    3.9909                                                                 
 14.5    4.0713                                                                 
 15.5    4.1771                                                                 
 16.5    4.3135                                                                 
 17.5    4.4837                                                                 
 18.5    4.6894                                                                 
 19.5    4.9308                                                                 
 20.5    5.2073                                                                 
 21.5    5.5177                                                                 
 22.5    5.8604                                                                 
 23.5    6.2339                                                                 
 24.5    6.6363                                                                 
 25.5    7.0661                                                                 
 26.5    7.5216                                                                 
 27.5    8.0015                                                                 
 28.5    8.5041                                                                 
 29.5    9.0288                                                                 
&                                                                               
# BAND: 26   K =  9/2                                                           
  4.5    3.2632                                                                 
  5.5    3.3095                                                                 
  6.5    3.3601                                                                 
  7.5    3.4154                                                                 
  8.5    3.4767                                                                 
  9.5    3.5465                                                                 
 10.5    3.6279                                                                 
 11.5    3.7243                                                                 
 12.5    3.8393                                                                 
 13.5    3.9760                                                                 
 14.5    4.1372                                                                 
 15.5    4.3248                                                                 
 16.5    4.5403                                                                 
 17.5    4.7844                                                                 
 18.5    5.0574                                                                 
 19.5    5.3591                                                                 
 20.5    5.6892                                                                 
 21.5    6.0468                                                                 
 22.5    6.4311                                                                 
 23.5    6.8411                                                                 
 24.5    7.2759                                                                 
 25.5    7.7343                                                                 
 26.5    8.2153                                                                 
 27.5    8.7178                                                                 
 28.5    9.2410                                                                 
 29.5    9.7838                                                                 
&                                                                               
# BAND: 27   K =  1/2                                                           
  0.5    3.0569                                                                 
  1.5    2.9307                                                                 
  2.5    3.1775                                                                 
  3.5    2.8998                                                                 
  4.5    3.2953                                                                 
  5.5    2.9194                                                                 
  6.5    3.3704                                                                 
  7.5    2.9995                                                                 
  8.5    3.3832                                                                 
  9.5    3.1530                                                                 
 10.5    3.3616                                                                 
 11.5    3.3921                                                                 
 12.5    3.3703                                                                 
 13.5    3.7257                                                                 
 14.5    3.4726                                                                 
 15.5    4.1582                                                                 
 16.5    3.7055                                                                 
 17.5    4.6903                                                                 
 18.5    4.0798                                                                 
 19.5    5.3201                                                                 
 20.5    4.5910                                                                 
 21.5    6.0438                                                                 
 22.5    5.2281                                                                 
 23.5    6.8569                                                                 
 24.5    5.9789                                                                 
 25.5    7.7546                                                                 
 26.5    6.8323                                                                 
 27.5    8.7323                                                                 
 28.5    7.7790                                                                 
 29.5    9.7857                                                                 
&                                                                               
# BAND: 28   K =  5/2                                                           
  2.5    2.5571                                                                 
  3.5    2.5881                                                                 
  4.5    2.6211                                                                 
  5.5    2.6711                                                                 
  6.5    2.6982                                                                 
  7.5    2.7854                                                                 
  8.5    2.7811                                                                 
  9.5    2.9435                                                                 
 10.5    2.8797                                                                 
 11.5    3.1658                                                                 
 12.5    3.0198                                                                 
 13.5    3.4728                                                                 
 14.5    3.2331                                                                 
 15.5    3.8796                                                                 
 16.5    3.5455                                                                 
 17.5    4.3943                                                                 
 18.5    3.9719                                                                 
 19.5    5.0180                                                                 
 20.5    4.5164                                                                 
 21.5    5.7478                                                                 
 22.5    5.1758                                                                 
 23.5    6.5781                                                                 
 24.5    5.9432                                                                 
 25.5    7.5024                                                                 
 26.5    6.8102                                                                 
 27.5    8.5145                                                                 
 28.5    7.7683                                                                 
 29.5    9.6089                                                                 
&                                                                               
# BAND: 29   K = -3/2                                                           
  1.5    2.0980                                                                 
  2.5    2.1217                                                                 
  3.5    2.1611                                                                 
  4.5    2.1971                                                                 
  5.5    2.2640                                                                 
  6.5    2.3092                                                                 
  7.5    2.4045                                                                 
  8.5    2.4651                                                                 
  9.5    2.5865                                                                 
 10.5    2.6774                                                                 
 11.5    2.8215                                                                 
 12.5    2.9605                                                                 
 13.5    3.1269                                                                 
 14.5    3.3262                                                                 
 15.5    3.5198                                                                 
 16.5    3.7824                                                                 
 17.5    4.0131                                                                 
 18.5    4.3324                                                                 
 19.5    4.6133                                                                 
 20.5    4.9760                                                                 
 21.5    5.3215                                                                 
 22.5    5.7104                                                                 
 23.5    6.1347                                                                 
 24.5    6.5313                                                                 
 25.5    7.0478                                                                 
 26.5    7.4338                                                                 
 27.5    8.0546                                                                 
 28.5    8.4125                                                                 
 29.5    9.1488                                                                 
&                                                                               
# BAND: 30   K =  9/2                                                           
  4.5    2.6532                                                                 
  5.5    2.7060                                                                 
  6.5    2.7672                                                                 
  7.5    2.8375                                                                 
  8.5    2.9176                                                                 
  9.5    3.0100                                                                 
 10.5    3.1154                                                                 
 11.5    3.2386                                                                 
 12.5    3.3775                                                                 
 13.5    3.5420                                                                 
 14.5    3.7207                                                                 
 15.5    3.9364                                                                 
 16.5    4.1575                                                                 
 17.5    4.4328                                                                 
 18.5    4.6941                                                                 
 19.5    5.0360                                                                 
 20.5    5.3311                                                                 
 21.5    5.7460                                                                 
 22.5    6.0653                                                                 
 23.5    6.5599                                                                 
 24.5    6.8909                                                                 
 25.5    7.4731                                                                 
 26.5    7.8013                                                                 
 27.5    8.4801                                                                 
 28.5    8.7897                                                                 
 29.5    9.5753                                                                 
&                                                                               
# BAND: 31   K = -3/2                                                           
  1.5    3.5252                                                                 
  2.5    3.5388                                                                 
  3.5    3.5582                                                                 
  4.5    3.5841                                                                 
  5.5    3.6172                                                                 
  6.5    3.6581                                                                 
  7.5    3.7079                                                                 
  8.5    3.7673                                                                 
  9.5    3.8376                                                                 
 10.5    3.9197                                                                 
 11.5    4.0151                                                                 
 12.5    4.1250                                                                 
 13.5    4.2505                                                                 
 14.5    4.3933                                                                 
 15.5    4.5544                                                                 
 16.5    4.7351                                                                 
 17.5    4.9363                                                                 
 18.5    5.1591                                                                 
 19.5    5.4040                                                                 
 20.5    5.6714                                                                 
 21.5    5.9619                                                                 
 22.5    6.2751                                                                 
 23.5    6.6114                                                                 
 24.5    6.9702                                                                 
 25.5    7.3512                                                                 
 26.5    7.7543                                                                 
 27.5    8.1784                                                                 
 28.5    8.6238                                                                 
 29.5    9.0887                                                                 
&                                                                               
# BAND: 32   K =-11/2                                                           
  5.5    2.8783                                                                 
  6.5    2.9435                                                                 
  7.5    3.0200                                                                 
  8.5    3.1083                                                                 
  9.5    3.2089                                                                 
 10.5    3.3225                                                                 
 11.5    3.4498                                                                 
 12.5    3.5918                                                                 
 13.5    3.7493                                                                 
 14.5    3.9234                                                                 
 15.5    4.1151                                                                 
 16.5    4.3255                                                                 
 17.5    4.5555                                                                 
 18.5    4.8060                                                                 
 19.5    5.0775                                                                 
 20.5    5.3709                                                                 
 21.5    5.6861                                                                 
 22.5    6.0239                                                                 
 23.5    6.3834                                                                 
 24.5    6.7657                                                                 
 25.5    7.1691                                                                 
 26.5    7.5948                                                                 
 27.5    8.0407                                                                 
 28.5    8.5078                                                                 
 29.5    8.9945                                                                 
&                                                                               
# BAND: 33   K =  1/2                                                           
  0.5    3.3090                                                                 
  1.5    3.3242                                                                 
  2.5    3.3497                                                                 
  3.5    3.3856                                                                 
  4.5    3.4321                                                                 
  5.5    3.4897                                                                 
  6.5    3.5586                                                                 
  7.5    3.6392                                                                 
  8.5    3.7321                                                                 
  9.5    3.8379                                                                 
 10.5    3.9572                                                                 
 11.5    4.0908                                                                 
 12.5    4.2396                                                                 
 13.5    4.4045                                                                 
 14.5    4.5864                                                                 
 15.5    4.7862                                                                 
 16.5    5.0049                                                                 
 17.5    5.2432                                                                 
 18.5    5.5018                                                                 
 19.5    5.7814                                                                 
 20.5    6.0822                                                                 
 21.5    6.4046                                                                 
 22.5    6.7486                                                                 
 23.5    7.1143                                                                 
 24.5    7.5015                                                                 
 25.5    7.9100                                                                 
 26.5    8.3394                                                                 
 27.5    8.7893                                                                 
 28.5    9.2592                                                                 
 29.5    9.7486                                                                 
&                                                                               
# BAND: 34   K = 13/2                                                           
  6.5    3.7277                                                                 
  7.5    3.7695                                                                 
  8.5    3.8206                                                                 
  9.5    3.8826                                                                 
 10.5    3.9571                                                                 
 11.5    4.0460                                                                 
 12.5    4.1511                                                                 
 13.5    4.2743                                                                 
 14.5    4.4173                                                                 
 15.5    4.5815                                                                 
 16.5    4.7682                                                                 
 17.5    4.9784                                                                 
 18.5    5.2129                                                                 
 19.5    5.4721                                                                 
 20.5    5.7563                                                                 
 21.5    6.0654                                                                 
 22.5    6.3991                                                                 
 23.5    6.7574                                                                 
 24.5    7.1394                                                                 
 25.5    7.5450                                                                 
 26.5    7.9728                                                                 
 27.5    8.4234                                                                 
 28.5    8.8942                                                                 
 29.5    9.3872                                                                 
&                                                                               
# BAND: 35   K =  5/2                                                           
  2.5    3.0686                                                                 
  3.5    3.1055                                                                 
  4.5    3.1533                                                                 
  5.5    3.2124                                                                 
  6.5    3.2831                                                                 
  7.5    3.3661                                                                 
  8.5    3.4620                                                                 
  9.5    3.5716                                                                 
 10.5    3.6959                                                                 
 11.5    3.8359                                                                 
 12.5    3.9926                                                                 
 13.5    4.1672                                                                 
 14.5    4.3606                                                                 
 15.5    4.5739                                                                 
 16.5    4.8077                                                                 
 17.5    5.0630                                                                 
 18.5    5.3401                                                                 
 19.5    5.6396                                                                 
 20.5    5.9615                                                                 
 21.5    6.3060                                                                 
 22.5    6.6730                                                                 
 23.5    7.0622                                                                 
 24.5    7.4734                                                                 
 25.5    7.9061                                                                 
 26.5    8.3599                                                                 
 27.5    8.8342                                                                 
 28.5    9.3285                                                                 
 29.5    9.8421                                                                 
&                                                                               
# BAND: 36   K = 15/2                                                           
  7.5    3.5480                                                                 
  8.5    3.5733                                                                 
  9.5    3.6211                                                                 
 10.5    3.6931                                                                 
 11.5    3.7904                                                                 
 12.5    3.9132                                                                 
 13.5    4.0617                                                                 
 14.5    4.2355                                                                 
 15.5    4.4344                                                                 
 16.5    4.6578                                                                 
 17.5    4.9054                                                                 
 18.5    5.1765                                                                 
 19.5    5.4708                                                                 
 20.5    5.7877                                                                 
 21.5    6.1268                                                                 
 22.5    6.4876                                                                 
 23.5    6.8698                                                                 
 24.5    7.2725                                                                 
 25.5    7.6959                                                                 
 26.5    8.1383                                                                 
 27.5    8.6011                                                                 
 28.5    9.0812                                                                 
 29.5    9.5814                                                                 
&                                                                               
# BAND: 37   K =  7/2                                                           
  3.5    3.0050                                                                 
  4.5    3.0549                                                                 
  5.5    3.1183                                                                 
  6.5    3.1964                                                                 
  7.5    3.2903                                                                 
  8.5    3.4009                                                                 
  9.5    3.5291                                                                 
 10.5    3.6757                                                                 
 11.5    3.8412                                                                 
 12.5    4.0260                                                                 
 13.5    4.2305                                                                 
 14.5    4.4550                                                                 
 15.5    4.6997                                                                 
 16.5    4.9646                                                                 
 17.5    5.2498                                                                 
 18.5    5.5553                                                                 
 19.5    5.8812                                                                 
 20.5    6.2272                                                                 
 21.5    6.5933                                                                 
 22.5    6.9793                                                                 
 23.5    7.3849                                                                 
 24.5    7.8098                                                                 
 25.5    8.2536                                                                 
 26.5    8.7161                                                                 
 27.5    9.1967                                                                 
 28.5    9.6952                                                                 
 29.5   10.2109                                                                 
