# E(I)-E(I-1) PLOT: LOWEST ENERGY = -0.2578   SPIN =  7/2                       
  4.5    0.0630                                                                 
  5.5    0.0947                                                                 
  6.5    0.1240                                                                 
  7.5    0.1517                                                                 
  8.5    0.1788                                                                 
  9.5    0.2034                                                                 
 10.5    0.2290                                                                 
 11.5    0.2490                                                                 
 12.5    0.2731                                                                 
 13.5    0.2859                                                                 
 14.5    0.3079                                                                 
 15.5    0.3087                                                                 
 16.5    0.3099                                                                 
 17.5    0.2364                                                                 
 18.5    0.2118                                                                 
 19.5    0.2278                                                                 
 20.5    0.2506                                                                 
 21.5    0.2731                                                                 
 22.5    0.3013                                                                 
 23.5    0.3193                                                                 
 24.5    0.3556                                                                 
 25.5    0.3626                                                                 
 26.5    0.4130                                                                 
 27.5    0.4008                                                                 
 28.5    0.4740                                                                 
 29.5    0.4318                                                                 
