# ENRGIES RELATIVE TO -0.2578                                                   
# YRAST                                                                         
  0.5    1.0395                                                                 
  1.5    1.2216                                                                 
  2.5    1.0274                                                                 
  3.5    0.0000                                                                 
  4.5    0.0630                                                                 
  5.5    0.1577                                                                 
  6.5    0.2817                                                                 
  7.5    0.4334                                                                 
  8.5    0.6123                                                                 
  9.5    0.8157                                                                 
 10.5    1.0447                                                                 
 11.5    1.2937                                                                 
 12.5    1.5668                                                                 
 13.5    1.8527                                                                 
 14.5    2.1606                                                                 
 15.5    2.4693                                                                 
 16.5    2.7792                                                                 
 17.5    3.0156                                                                 
 18.5    3.2274                                                                 
 19.5    3.4552                                                                 
 20.5    3.7058                                                                 
 21.5    3.9788                                                                 
 22.5    4.2801                                                                 
 23.5    4.5994                                                                 
 24.5    4.9550                                                                 
 25.5    5.3177                                                                 
 26.5    5.7307                                                                 
 27.5    6.1314                                                                 
 28.5    6.6054                                                                 
 29.5    7.0372                                                                 
&                                                                               
# BAND:  1   K =  5/2                                                           
  2.5    1.1732                                                                 
  3.5    1.2047                                                                 
  4.5    1.2502                                                                 
  5.5    1.3110                                                                 
  6.5    1.3929                                                                 
  7.5    1.4918                                                                 
  8.5    1.6213                                                                 
  9.5    1.7634                                                                 
 10.5    1.9494                                                                 
 11.5    2.1354                                                                 
 12.5    2.3836                                                                 
 13.5    2.6107                                                                 
 14.5    2.9242                                                                 
 15.5    3.1871                                                                 
 16.5    3.5669                                                                 
 17.5    3.8596                                                                 
 18.5    4.3051                                                                 
 19.5    4.6212                                                                 
 20.5    5.1311                                                                 
 21.5    5.4646                                                                 
 22.5    6.0371                                                                 
 23.5    6.3825                                                                 
 24.5    7.0157                                                                 
 25.5    7.3683                                                                 
 26.5    8.0605                                                                 
 27.5    8.4160                                                                 
 28.5    9.1660                                                                 
 29.5    9.5210                                                                 
&                                                                               
# BAND:  2   K = -7/2                                                           
  3.5    0.0085                                                                 
  4.5    0.1114                                                                 
  5.5    0.2376                                                                 
  6.5    0.3874                                                                 
  7.5    0.5609                                                                 
  8.5    0.7581                                                                 
  9.5    0.9788                                                                 
 10.5    1.2234                                                                 
 11.5    1.4906                                                                 
 12.5    1.7816                                                                 
 13.5    2.0936                                                                 
 14.5    2.4297                                                                 
 15.5    2.7838                                                                 
 16.5    3.1633                                                                 
 17.5    3.5564                                                                 
 18.5    3.9771                                                                 
 19.5    4.4056                                                                 
 20.5    4.8656                                                                 
 21.5    5.3257                                                                 
 22.5    5.8233                                                                 
 23.5    6.3111                                                                 
 24.5    6.8448                                                                 
 25.5    7.3567                                                                 
 26.5    7.9257                                                                 
 27.5    8.4584                                                                 
 28.5    9.0620                                                                 
 29.5    9.6125                                                                 
&                                                                               
# BAND:  3   K =  9/2                                                           
  4.5    0.4316                                                                 
  5.5    0.5748                                                                 
  6.5    0.7436                                                                 
  7.5    0.9379                                                                 
  8.5    1.1574                                                                 
  9.5    1.4015                                                                 
 10.5    1.6698                                                                 
 11.5    1.9618                                                                 
 12.5    2.2770                                                                 
 13.5    2.6144                                                                 
 14.5    2.9737                                                                 
 15.5    3.3537                                                                 
 16.5    3.7542                                                                 
 17.5    4.1738                                                                 
 18.5    4.6126                                                                 
 19.5    5.0684                                                                 
 20.5    5.5426                                                                 
 21.5    6.0315                                                                 
 22.5    6.5385                                                                 
 23.5    7.0576                                                                 
 24.5    7.5951                                                                 
 25.5    8.1417                                                                 
 26.5    8.7080                                                                 
 27.5    9.2798                                                                 
 28.5    9.8736                                                                 
 29.5   10.4689                                                                 
&                                                                               
# BAND:  4   K =  1/2                                                           
  0.5    1.0402                                                                 
  1.5    1.2249                                                                 
  2.5    1.0277                                                                 
  3.5    1.4519                                                                 
  4.5    1.1094                                                                 
  5.5    1.7580                                                                 
  6.5    1.2894                                                                 
  7.5    2.1414                                                                 
  8.5    1.5701                                                                 
  9.5    2.6011                                                                 
 10.5    1.9516                                                                 
 11.5    3.1369                                                                 
 12.5    2.4321                                                                 
 13.5    3.7483                                                                 
 14.5    3.0082                                                                 
 15.5    4.4341                                                                 
 16.5    3.6749                                                                 
 17.5    5.1926                                                                 
 18.5    4.4267                                                                 
 19.5    6.0214                                                                 
 20.5    5.2577                                                                 
 21.5    6.9174                                                                 
 22.5    6.1619                                                                 
 23.5    7.8773                                                                 
 24.5    7.1339                                                                 
 25.5    8.8978                                                                 
 26.5    8.1686                                                                 
 27.5    9.9759                                                                 
 28.5    9.2617                                                                 
 29.5   11.1091                                                                 
&                                                                               
# BAND:  5   K =  3/2                                                           
  1.5    3.3217                                                                 
  2.5    3.3337                                                                 
  3.5    3.3479                                                                 
  4.5    3.3698                                                                 
  5.5    3.3883                                                                 
  6.5    3.4211                                                                 
  7.5    3.4446                                                                 
  8.5    3.4905                                                                 
  9.5    3.5255                                                                 
 10.5    3.5886                                                                 
 11.5    3.6460                                                                 
 12.5    3.7316                                                                 
 13.5    3.8232                                                                 
 14.5    3.9374                                                                 
 15.5    4.0727                                                                 
 16.5    4.2221                                                                 
 17.5    4.4068                                                                 
 18.5    4.5974                                                                 
 19.5    4.8329                                                                 
 20.5    5.0705                                                                 
 21.5    5.3551                                                                 
 22.5    5.6448                                                                 
 23.5    5.9744                                                                 
 24.5    6.3212                                                                 
 25.5    6.6900                                                                 
 26.5    7.0981                                                                 
 27.5    7.5000                                                                 
 28.5    7.9734                                                                 
 29.5    8.4016                                                                 
&                                                                               
# BAND:  6   K = -9/2                                                           
  4.5    2.3452                                                                 
  5.5    2.3519                                                                 
  6.5    2.3677                                                                 
  7.5    2.3954                                                                 
  8.5    2.4375                                                                 
  9.5    2.4961                                                                 
 10.5    2.5732                                                                 
 11.5    2.6701                                                                 
 12.5    2.7880                                                                 
 13.5    2.9276                                                                 
 14.5    3.0899                                                                 
 15.5    3.2745                                                                 
 16.5    3.4829                                                                 
 17.5    3.7133                                                                 
 18.5    3.9687                                                                 
 19.5    4.2451                                                                 
 20.5    4.5479                                                                 
 21.5    4.8695                                                                 
 22.5    5.2200                                                                 
 23.5    5.5856                                                                 
 24.5    5.9841                                                                 
 25.5    6.3921                                                                 
 26.5    6.8389                                                                 
 27.5    7.2871                                                                 
 28.5    7.7828                                                                 
 29.5    8.2685                                                                 
&                                                                               
# BAND:  7   K =  7/2                                                           
  3.5    2.8273                                                                 
  4.5    2.8228                                                                 
  5.5    2.8257                                                                 
  6.5    2.8396                                                                 
  7.5    2.8677                                                                 
  8.5    2.9128                                                                 
  9.5    2.9772                                                                 
 10.5    3.0626                                                                 
 11.5    3.1704                                                                 
 12.5    3.3014                                                                 
 13.5    3.4561                                                                 
 14.5    3.6349                                                                 
 15.5    3.8379                                                                 
 16.5    4.0652                                                                 
 17.5    4.3166                                                                 
 18.5    4.5921                                                                 
 19.5    4.8915                                                                 
 20.5    5.2146                                                                 
 21.5    5.5612                                                                 
 22.5    5.9311                                                                 
 23.5    6.3240                                                                 
 24.5    6.7398                                                                 
 25.5    7.1782                                                                 
 26.5    7.6386                                                                 
 27.5    8.1214                                                                 
 28.5    8.6255                                                                 
 29.5    9.1515                                                                 
&                                                                               
# BAND:  8   K = -1/2                                                           
  0.5    3.3949                                                                 
  1.5    3.2020                                                                 
  2.5    3.5406                                                                 
  3.5    3.1447                                                                 
  4.5    3.6490                                                                 
  5.5    3.1686                                                                 
  6.5    3.6971                                                                 
  7.5    3.2808                                                                 
  8.5    3.7000                                                                 
  9.5    3.4817                                                                 
 10.5    3.7047                                                                 
 11.5    3.7687                                                                 
 12.5    3.7637                                                                 
 13.5    4.1387                                                                 
 14.5    3.9145                                                                 
 15.5    4.5893                                                                 
 16.5    4.1758                                                                 
 17.5    5.1187                                                                 
 18.5    4.5522                                                                 
 19.5    5.7261                                                                 
 20.5    5.0415                                                                 
 21.5    6.4114                                                                 
 22.5    5.6386                                                                 
 23.5    7.1747                                                                 
 24.5    6.3382                                                                 
 25.5    8.0163                                                                 
 26.5    7.1354                                                                 
 27.5    8.9360                                                                 
 28.5    8.0257                                                                 
 29.5    9.9334                                                                 
&                                                                               
# BAND:  9   K =  7/2                                                           
  3.5    3.4369                                                                 
  4.5    3.4595                                                                 
  5.5    3.4853                                                                 
  6.5    3.5141                                                                 
  7.5    3.5460                                                                 
  8.5    3.5825                                                                 
  9.5    3.6229                                                                 
 10.5    3.6726                                                                 
 11.5    3.7265                                                                 
 12.5    3.7975                                                                 
 13.5    3.8706                                                                 
 14.5    3.9717                                                                 
 15.5    4.0690                                                                 
 16.5    4.2089                                                                 
 17.5    4.3337                                                                 
 18.5    4.5205                                                                 
 19.5    4.6751                                                                 
 20.5    4.9165                                                                 
 21.5    5.1013                                                                 
 22.5    5.4045                                                                 
 23.5    5.6185                                                                 
 24.5    5.9901                                                                 
 25.5    6.2310                                                                 
 26.5    6.6765                                                                 
 27.5    6.9407                                                                 
 28.5    7.4648                                                                 
 29.5    7.7478                                                                 
&                                                                               
# BAND: 10   K = -5/2                                                           
  2.5    2.6410                                                                 
  3.5    2.6357                                                                 
  4.5    2.6328                                                                 
  5.5    2.6347                                                                 
  6.5    2.6440                                                                 
  7.5    2.6630                                                                 
  8.5    2.6941                                                                 
  9.5    2.7389                                                                 
 10.5    2.7995                                                                 
 11.5    2.8764                                                                 
 12.5    2.9717                                                                 
 13.5    3.0849                                                                 
 14.5    3.2181                                                                 
 15.5    3.3705                                                                 
 16.5    3.5437                                                                 
 17.5    3.7371                                                                 
 18.5    3.9520                                                                 
 19.5    4.1883                                                                 
 20.5    4.4464                                                                 
 21.5    4.7272                                                                 
 22.5    5.0297                                                                 
 23.5    5.3562                                                                 
 24.5    5.7042                                                                 
 25.5    6.0771                                                                 
 26.5    6.4712                                                                 
 27.5    6.8904                                                                 
 28.5    7.3311                                                                 
 29.5    7.7958                                                                 
&                                                                               
# BAND: 11   K = 11/2                                                           
  5.5    3.0639                                                                 
  6.5    3.0475                                                                 
  7.5    3.0435                                                                 
  8.5    3.0549                                                                 
  9.5    3.0840                                                                 
 10.5    3.1327                                                                 
 11.5    3.2021                                                                 
 12.5    3.2930                                                                 
 13.5    3.4058                                                                 
 14.5    3.5410                                                                 
 15.5    3.6986                                                                 
 16.5    3.8790                                                                 
 17.5    4.0823                                                                 
 18.5    4.3087                                                                 
 19.5    4.5583                                                                 
 20.5    4.8316                                                                 
 21.5    5.1285                                                                 
 22.5    5.4494                                                                 
 23.5    5.7939                                                                 
 24.5    6.1630                                                                 
 25.5    6.5554                                                                 
 26.5    6.9727                                                                 
 27.5    7.4125                                                                 
 28.5    7.8778                                                                 
 29.5    8.3641                                                                 
&                                                                               
# BAND: 12   K =  3/2                                                           
  1.5    3.8114                                                                 
  2.5    3.8016                                                                 
  3.5    3.8390                                                                 
  4.5    3.7802                                                                 
  5.5    3.9087                                                                 
  6.5    3.7514                                                                 
  7.5    4.0327                                                                 
  8.5    3.7376                                                                 
  9.5    4.2177                                                                 
 10.5    3.7660                                                                 
 11.5    4.4665                                                                 
 12.5    3.8592                                                                 
 13.5    4.7799                                                                 
 14.5    4.0317                                                                 
 15.5    5.1583                                                                 
 16.5    4.2908                                                                 
 17.5    5.6027                                                                 
 18.5    4.6398                                                                 
 19.5    6.1148                                                                 
 20.5    5.0804                                                                 
 21.5    6.6976                                                                 
 22.5    5.6134                                                                 
 23.5    7.3545                                                                 
 24.5    6.2394                                                                 
 25.5    8.0889                                                                 
 26.5    6.9585                                                                 
 27.5    8.9035                                                                 
 28.5    7.7702                                                                 
 29.5    9.8003                                                                 
&                                                                               
# BAND: 13   K = 11/2                                                           
  5.5    4.0828                                                                 
  6.5    4.0939                                                                 
  7.5    4.1059                                                                 
  8.5    4.1201                                                                 
  9.5    4.1379                                                                 
 10.5    4.1616                                                                 
 11.5    4.1935                                                                 
 12.5    4.2367                                                                 
 13.5    4.2932                                                                 
 14.5    4.3666                                                                 
 15.5    4.4575                                                                 
 16.5    4.5711                                                                 
 17.5    4.7037                                                                 
 18.5    4.8653                                                                 
 19.5    5.0435                                                                 
 20.5    5.2588                                                                 
 21.5    5.4833                                                                 
 22.5    5.7565                                                                 
 23.5    6.0252                                                                 
 24.5    6.3595                                                                 
 25.5    6.6680                                                                 
 26.5    7.0662                                                                 
 27.5    7.4089                                                                 
 28.5    7.8737                                                                 
 29.5    8.2439                                                                 
&                                                                               
# BAND: 14   K = -1/2                                                           
  0.5    3.2899                                                                 
  1.5    3.2791                                                                 
  2.5    3.2634                                                                 
  3.5    3.2448                                                                 
  4.5    3.2273                                                                 
  5.5    3.2139                                                                 
  6.5    3.2082                                                                 
  7.5    3.2135                                                                 
  8.5    3.2323                                                                 
  9.5    3.2672                                                                 
 10.5    3.3197                                                                 
 11.5    3.3916                                                                 
 12.5    3.4837                                                                 
 13.5    3.5970                                                                 
 14.5    3.7321                                                                 
 15.5    3.8894                                                                 
 16.5    4.0694                                                                 
 17.5    4.2722                                                                 
 18.5    4.4979                                                                 
 19.5    4.7468                                                                 
 20.5    5.0186                                                                 
 21.5    5.3136                                                                 
 22.5    5.6314                                                                 
 23.5    5.9720                                                                 
 24.5    6.3352                                                                 
 25.5    6.7207                                                                 
 26.5    7.1285                                                                 
 27.5    7.5579                                                                 
 28.5    8.0092                                                                 
 29.5    8.4817                                                                 
&                                                                               
# BAND: 15   K = 15/2                                                           
  7.5    3.7040                                                                 
  8.5    3.6408                                                                 
  9.5    3.6063                                                                 
 10.5    3.6018                                                                 
 11.5    3.6280                                                                 
 12.5    3.6847                                                                 
 13.5    3.7715                                                                 
 14.5    3.8878                                                                 
 15.5    4.0330                                                                 
 16.5    4.2064                                                                 
 17.5    4.4074                                                                 
 18.5    4.6355                                                                 
 19.5    4.8902                                                                 
 20.5    5.1708                                                                 
 21.5    5.4770                                                                 
 22.5    5.8083                                                                 
 23.5    6.1641                                                                 
 24.5    6.5443                                                                 
 25.5    6.9478                                                                 
 26.5    7.3751                                                                 
 27.5    7.8244                                                                 
 28.5    8.2974                                                                 
 29.5    8.7907                                                                 
&                                                                               
# BAND: 16   K =  7/2                                                           
  3.5    4.4657                                                                 
  4.5    4.4575                                                                 
  5.5    4.4523                                                                 
  6.5    4.4520                                                                 
  7.5    4.4600                                                                 
  8.5    4.4757                                                                 
  9.5    4.5072                                                                 
 10.5    4.5444                                                                 
 11.5    4.6102                                                                 
 12.5    4.6703                                                                 
 13.5    4.7828                                                                 
 14.5    4.8625                                                                 
 15.5    5.0360                                                                 
 16.5    5.1277                                                                 
 17.5    5.3780                                                                 
 18.5    5.4710                                                                 
 19.5    5.8147                                                                 
 20.5    5.8961                                                                 
 21.5    6.3497                                                                 
 22.5    6.4056                                                                 
 23.5    6.9842                                                                 
 24.5    7.0013                                                                 
 25.5    7.7175                                                                 
 26.5    7.6840                                                                 
 27.5    8.5477                                                                 
 28.5    8.4541                                                                 
 29.5    9.4718                                                                 
&                                                                               
# BAND: 17   K = -5/2                                                           
  2.5    4.0944                                                                 
  3.5    4.1097                                                                 
  4.5    4.1278                                                                 
  5.5    4.1480                                                                 
  6.5    4.1700                                                                 
  7.5    4.1948                                                                 
  8.5    4.2230                                                                 
  9.5    4.2571                                                                 
 10.5    4.2988                                                                 
 11.5    4.3517                                                                 
 12.5    4.4179                                                                 
 13.5    4.5007                                                                 
 14.5    4.6027                                                                 
 15.5    4.7259                                                                 
 16.5    4.8726                                                                 
 17.5    5.0438                                                                 
 18.5    5.2410                                                                 
 19.5    5.4647                                                                 
 20.5    5.7153                                                                 
 21.5    5.9930                                                                 
 22.5    6.2977                                                                 
 23.5    6.6292                                                                 
 24.5    6.9871                                                                 
 25.5    7.3710                                                                 
 26.5    7.7804                                                                 
 27.5    8.2146                                                                 
 28.5    8.6733                                                                 
 29.5    9.1556                                                                 
&                                                                               
# BAND: 18   K =-17/2                                                           
  8.5    3.2738                                                                 
  9.5    3.2357                                                                 
 10.5    3.2274                                                                 
 11.5    3.2501                                                                 
 12.5    3.3042                                                                 
 13.5    3.3897                                                                 
 14.5    3.5063                                                                 
 15.5    3.6535                                                                 
 16.5    3.8308                                                                 
 17.5    4.0375                                                                 
 18.5    4.2730                                                                 
 19.5    4.5369                                                                 
 20.5    4.8285                                                                 
 21.5    5.1472                                                                 
 22.5    5.4927                                                                 
 23.5    5.8640                                                                 
 24.5    6.2611                                                                 
 25.5    6.6827                                                                 
 26.5    7.1293                                                                 
 27.5    7.5989                                                                 
 28.5    8.0931                                                                 
 29.5    8.6082                                                                 
&                                                                               
# BAND: 19   K = -1/2                                                           
  0.5    3.7701                                                                 
  1.5    3.7536                                                                 
  2.5    3.7293                                                                 
  3.5    3.7015                                                                 
  4.5    3.6752                                                                 
  5.5    3.6556                                                                 
  6.5    3.6476                                                                 
  7.5    3.6555                                                                 
  8.5    3.6827                                                                 
  9.5    3.7318                                                                 
 10.5    3.8049                                                                 
 11.5    3.9030                                                                 
 12.5    4.0272                                                                 
 13.5    4.1777                                                                 
 14.5    4.3549                                                                 
 15.5    4.5586                                                                 
 16.5    4.7888                                                                 
 17.5    5.0452                                                                 
 18.5    5.3276                                                                 
 19.5    5.6356                                                                 
 20.5    5.9689                                                                 
 21.5    6.3271                                                                 
 22.5    6.7098                                                                 
 23.5    7.1165                                                                 
 24.5    7.5469                                                                 
 25.5    8.0005                                                                 
 26.5    8.4768                                                                 
 27.5    8.9755                                                                 
 28.5    9.4961                                                                 
 29.5   10.0381                                                                 
&                                                                               
# BAND: 20   K = -9/2                                                           
  4.5    4.3424                                                                 
  5.5    4.3368                                                                 
  6.5    4.3372                                                                 
  7.5    4.3460                                                                 
  8.5    4.3657                                                                 
  9.5    4.3988                                                                 
 10.5    4.4475                                                                 
 11.5    4.5134                                                                 
 12.5    4.5986                                                                 
 13.5    4.7037                                                                 
 14.5    4.8313                                                                 
 15.5    4.9802                                                                 
 16.5    5.1545                                                                 
 17.5    5.3497                                                                 
 18.5    5.5733                                                                 
 19.5    5.8163                                                                 
 20.5    6.0906                                                                 
 21.5    6.3817                                                                 
 22.5    6.7067                                                                 
 23.5    7.0459                                                                 
 24.5    7.4203                                                                 
 25.5    7.8076                                                                 
 26.5    8.2289                                                                 
 27.5    8.6648                                                                 
 28.5    9.1294                                                                 
 29.5    9.6146                                                                 
&                                                                               
# BAND: 21   K = -7/2                                                           
  3.5    3.2291                                                                 
  4.5    3.2613                                                                 
  5.5    3.2982                                                                 
  6.5    3.3397                                                                 
  7.5    3.3852                                                                 
  8.5    3.4366                                                                 
  9.5    3.4926                                                                 
 10.5    3.5595                                                                 
 11.5    3.6313                                                                 
 12.5    3.7231                                                                 
 13.5    3.8175                                                                 
 14.5    3.9453                                                                 
 15.5    4.0679                                                                 
 16.5    4.2425                                                                 
 17.5    4.3968                                                                 
 18.5    4.6269                                                                 
 19.5    4.8140                                                                 
 20.5    5.1068                                                                 
 21.5    5.3254                                                                 
 22.5    5.6861                                                                 
 23.5    5.9334                                                                 
 24.5    6.3661                                                                 
 25.5    6.6381                                                                 
 26.5    7.1459                                                                 
 27.5    7.4380                                                                 
 28.5    8.0234                                                                 
 29.5    8.3309                                                                 
&                                                                               
# BAND: 22   K =  5/2                                                           
  2.5    2.3616                                                                 
  3.5    2.3627                                                                 
  4.5    2.3682                                                                 
  5.5    2.3805                                                                 
  6.5    2.4023                                                                 
  7.5    2.4359                                                                 
  8.5    2.4840                                                                 
  9.5    2.5480                                                                 
 10.5    2.6305                                                                 
 11.5    2.7319                                                                 
 12.5    2.8545                                                                 
 13.5    2.9977                                                                 
 14.5    3.1637                                                                 
 15.5    3.3513                                                                 
 16.5    3.5623                                                                 
 17.5    3.7957                                                                 
 18.5    4.0524                                                                 
 19.5    4.3321                                                                 
 20.5    4.6345                                                                 
 21.5    4.9605                                                                 
 22.5    5.3082                                                                 
 23.5    5.6802                                                                 
 24.5    6.0728                                                                 
 25.5    6.4900                                                                 
 26.5    6.9272                                                                 
 27.5    7.3882                                                                 
 28.5    7.8696                                                                 
 29.5    8.3727                                                                 
&                                                                               
# BAND: 23   K =-11/2                                                           
  5.5    2.8306                                                                 
  6.5    2.8268                                                                 
  7.5    2.8377                                                                 
  8.5    2.8665                                                                 
  9.5    2.9159                                                                 
 10.5    2.9878                                                                 
 11.5    3.0835                                                                 
 12.5    3.2040                                                                 
 13.5    3.3495                                                                 
 14.5    3.5204                                                                 
 15.5    3.7166                                                                 
 16.5    3.9381                                                                 
 17.5    4.1846                                                                 
 18.5    4.4560                                                                 
 19.5    4.7518                                                                 
 20.5    5.0720                                                                 
 21.5    5.4161                                                                 
 22.5    5.7842                                                                 
 23.5    6.1753                                                                 
 24.5    6.5902                                                                 
 25.5    7.0270                                                                 
 26.5    7.4878                                                                 
 27.5    7.9689                                                                 
 28.5    8.4745                                                                 
 29.5    8.9983                                                                 
&                                                                               
# BAND: 24   K = -3/2                                                           
  1.5    3.3415                                                                 
  2.5    3.3354                                                                 
  3.5    3.3802                                                                 
  4.5    3.3258                                                                 
  5.5    3.4694                                                                 
  6.5    3.3140                                                                 
  7.5    3.6222                                                                 
  8.5    3.3228                                                                 
  9.5    3.8456                                                                 
 10.5    3.3811                                                                 
 11.5    4.1425                                                                 
 12.5    3.5136                                                                 
 13.5    4.5136                                                                 
 14.5    3.7365                                                                 
 15.5    4.9588                                                                 
 16.5    4.0579                                                                 
 17.5    5.4782                                                                 
 18.5    4.4799                                                                 
 19.5    6.0723                                                                 
 20.5    5.0018                                                                 
 21.5    6.7420                                                                 
 22.5    5.6214                                                                 
 23.5    7.4884                                                                 
 24.5    6.3360                                                                 
 25.5    8.3124                                                                 
 26.5    7.1429                                                                 
 27.5    9.2145                                                                 
 28.5    8.0393                                                                 
 29.5   10.1945                                                                 
&                                                                               
# BAND: 25   K = -3/2                                                           
  1.5    3.5070                                                                 
  2.5    3.5152                                                                 
  3.5    3.5242                                                                 
  4.5    3.5394                                                                 
  5.5    3.5504                                                                 
  6.5    3.5739                                                                 
  7.5    3.5884                                                                 
  8.5    3.6225                                                                 
  9.5    3.6466                                                                 
 10.5    3.6953                                                                 
 11.5    3.7384                                                                 
 12.5    3.8061                                                                 
 13.5    3.8778                                                                 
 14.5    3.9697                                                                 
 15.5    4.0778                                                                 
 16.5    4.1991                                                                 
 17.5    4.3491                                                                 
 18.5    4.5055                                                                 
 19.5    4.7003                                                                 
 20.5    4.8978                                                                 
 21.5    5.1384                                                                 
 22.5    5.3833                                                                 
 23.5    5.6684                                                                 
 24.5    5.9670                                                                 
 25.5    6.2933                                                                 
 26.5    6.6518                                                                 
 27.5    7.0147                                                                 
 28.5    7.4385                                                                 
 29.5    7.8322                                                                 
&                                                                               
# BAND: 26   K =  9/2                                                           
  4.5    2.6269                                                                 
  5.5    2.6227                                                                 
  6.5    2.6257                                                                 
  7.5    2.6384                                                                 
  8.5    2.6632                                                                 
  9.5    2.7022                                                                 
 10.5    2.7571                                                                 
 11.5    2.8291                                                                 
 12.5    2.9195                                                                 
 13.5    3.0287                                                                 
 14.5    3.1578                                                                 
 15.5    3.3067                                                                 
 16.5    3.4767                                                                 
 17.5    3.6667                                                                 
 18.5    3.8794                                                                 
 19.5    4.1120                                                                 
 20.5    4.3690                                                                 
 21.5    4.6452                                                                 
 22.5    4.9484                                                                 
 23.5    5.2689                                                                 
 24.5    5.6200                                                                 
 25.5    5.9846                                                                 
 26.5    6.3852                                                                 
 27.5    6.7930                                                                 
 28.5    7.2444                                                                 
 29.5    7.6936                                                                 
&                                                                               
# BAND: 27   K = -7/2                                                           
  3.5    3.0636                                                                 
  4.5    3.0502                                                                 
  5.5    3.0421                                                                 
  6.5    3.0428                                                                 
  7.5    3.0552                                                                 
  8.5    3.0820                                                                 
  9.5    3.1253                                                                 
 10.5    3.1867                                                                 
 11.5    3.2674                                                                 
 12.5    3.3682                                                                 
 13.5    3.4897                                                                 
 14.5    3.6326                                                                 
 15.5    3.7969                                                                 
 16.5    3.9833                                                                 
 17.5    4.1919                                                                 
 18.5    4.4231                                                                 
 19.5    4.6771                                                                 
 20.5    4.9542                                                                 
 21.5    5.2546                                                                 
 22.5    5.5785                                                                 
 23.5    5.9261                                                                 
 24.5    6.2973                                                                 
 25.5    6.6923                                                                 
 26.5    7.1108                                                                 
 27.5    7.5531                                                                 
 28.5    8.0185                                                                 
 29.5    8.5076                                                                 
&                                                                               
# BAND: 28   K =  1/2                                                           
  0.5    3.8701                                                                 
  1.5    3.6731                                                                 
  2.5    4.0111                                                                 
  3.5    3.6048                                                                 
  4.5    4.1087                                                                 
  5.5    3.6095                                                                 
  6.5    4.1394                                                                 
  7.5    3.6933                                                                 
  8.5    4.1186                                                                 
  9.5    3.8556                                                                 
 10.5    4.0925                                                                 
 11.5    4.0938                                                                 
 12.5    4.1120                                                                 
 13.5    4.4049                                                                 
 14.5    4.2124                                                                 
 15.5    4.7870                                                                 
 16.5    4.4112                                                                 
 17.5    5.2396                                                                 
 18.5    4.7141                                                                 
 19.5    5.7636                                                                 
 20.5    5.1211                                                                 
 21.5    6.3610                                                                 
 22.5    5.6307                                                                 
 23.5    7.0346                                                                 
 24.5    6.2409                                                                 
 25.5    7.7868                                                                 
 26.5    6.9497                                                                 
 27.5    8.6199                                                                 
 28.5    7.7548                                                                 
 29.5    9.5350                                                                 
&                                                                               
# BAND: 29   K =  1/2                                                           
  0.5    4.0380                                                                 
  1.5    4.0445                                                                 
  2.5    4.0491                                                                 
  3.5    4.0620                                                                 
  4.5    4.0712                                                                 
  5.5    4.0872                                                                 
  6.5    4.1025                                                                 
  7.5    4.1217                                                                 
  8.5    4.1457                                                                 
  9.5    4.1730                                                                 
 10.5    4.2104                                                                 
 11.5    4.2548                                                                 
 12.5    4.3127                                                                 
 13.5    4.3840                                                                 
 14.5    4.4712                                                                 
 15.5    4.5778                                                                 
 16.5    4.7027                                                                 
 17.5    4.8508                                                                 
 18.5    5.0203                                                                 
 19.5    5.2140                                                                 
 20.5    5.4322                                                                 
 21.5    5.6739                                                                 
 22.5    5.9421                                                                 
 23.5    6.2333                                                                 
 24.5    6.5509                                                                 
 25.5    6.8920                                                                 
 26.5    7.2574                                                                 
 27.5    7.6478                                                                 
 28.5    8.0591                                                                 
 29.5    8.4975                                                                 
&                                                                               
# BAND: 30   K = 13/2                                                           
  6.5    3.2782                                                                 
  7.5    3.2388                                                                 
  8.5    3.2158                                                                 
  9.5    3.2121                                                                 
 10.5    3.2299                                                                 
 11.5    3.2706                                                                 
 12.5    3.3351                                                                 
 13.5    3.4239                                                                 
 14.5    3.5374                                                                 
 15.5    3.6757                                                                 
 16.5    3.8388                                                                 
 17.5    4.0267                                                                 
 18.5    4.2396                                                                 
 19.5    4.4767                                                                 
 20.5    4.7390                                                                 
 21.5    5.0247                                                                 
 22.5    5.3358                                                                 
 23.5    5.6688                                                                 
 24.5    6.0282                                                                 
 25.5    6.4068                                                                 
 26.5    6.8141                                                                 
 27.5    7.2362                                                                 
 28.5    7.6909                                                                 
 29.5    8.1541                                                                 
&                                                                               
# BAND: 31   K = -3/2                                                           
  1.5    3.7321                                                                 
  2.5    3.7062                                                                 
  3.5    3.6756                                                                 
  4.5    3.6452                                                                 
  5.5    3.6196                                                                 
  6.5    3.6036                                                                 
  7.5    3.6010                                                                 
  8.5    3.6152                                                                 
  9.5    3.6485                                                                 
 10.5    3.7030                                                                 
 11.5    3.7799                                                                 
 12.5    3.8800                                                                 
 13.5    4.0040                                                                 
 14.5    4.1522                                                                 
 15.5    4.3247                                                                 
 16.5    4.5216                                                                 
 17.5    4.7428                                                                 
 18.5    4.9884                                                                 
 19.5    5.2580                                                                 
 20.5    5.5515                                                                 
 21.5    5.8688                                                                 
 22.5    6.2094                                                                 
 23.5    6.5733                                                                 
 24.5    6.9599                                                                 
 25.5    7.3691                                                                 
 26.5    7.8006                                                                 
 27.5    8.2539                                                                 
 28.5    8.7290                                                                 
 29.5    9.2254                                                                 
&                                                                               
# BAND: 32   K =  5/2                                                           
  2.5    4.4723                                                                 
  3.5    4.4645                                                                 
  4.5    4.4586                                                                 
  5.5    4.4537                                                                 
  6.5    4.4590                                                                 
  7.5    4.4624                                                                 
  8.5    4.4920                                                                 
  9.5    4.5074                                                                 
 10.5    4.5739                                                                 
 11.5    4.6040                                                                 
 12.5    4.7172                                                                 
 13.5    4.7659                                                                 
 14.5    4.9302                                                                 
 15.5    5.0050                                                                 
 16.5    5.2183                                                                 
 17.5    5.3309                                                                 
 18.5    5.5846                                                                 
 19.5    5.7506                                                                 
 20.5    6.0310                                                                 
 21.5    6.2686                                                                 
 22.5    6.5586                                                                 
 23.5    6.8870                                                                 
 24.5    7.1682                                                                 
 25.5    7.6055                                                                 
 26.5    7.8601                                                                 
 27.5    8.4225                                                                 
 28.5    8.6345                                                                 
 29.5    9.3352                                                                 
&                                                                               
# BAND: 33   K =-15/2                                                           
  7.5    4.1265                                                                 
  8.5    4.1546                                                                 
  9.5    4.1821                                                                 
 10.5    4.2118                                                                 
 11.5    4.2472                                                                 
 12.5    4.2922                                                                 
 13.5    4.3510                                                                 
 14.5    4.4274                                                                 
 15.5    4.5248                                                                 
 16.5    4.6459                                                                 
 17.5    4.7928                                                                 
 18.5    4.9673                                                                 
 19.5    5.1699                                                                 
 20.5    5.4020                                                                 
 21.5    5.6625                                                                 
 22.5    5.9532                                                                 
 23.5    6.2708                                                                 
 24.5    6.6193                                                                 
 25.5    6.9917                                                                 
 26.5    7.3963                                                                 
 27.5    7.8201                                                                 
 28.5    8.2789                                                                 
 29.5    8.7503                                                                 
&                                                                               
# BAND: 34   K = -3/2                                                           
  1.5    3.2876                                                                 
  2.5    3.2718                                                                 
  3.5    3.2538                                                                 
  4.5    3.2374                                                                 
  5.5    3.2265                                                                 
  6.5    3.2248                                                                 
  7.5    3.2360                                                                 
  8.5    3.2631                                                                 
  9.5    3.3086                                                                 
 10.5    3.3745                                                                 
 11.5    3.4624                                                                 
 12.5    3.5734                                                                 
 13.5    3.7083                                                                 
 14.5    3.8677                                                                 
 15.5    4.0519                                                                 
 16.5    4.2612                                                                 
 17.5    4.4955                                                                 
 18.5    4.7549                                                                 
 19.5    5.0393                                                                 
 20.5    5.3485                                                                 
 21.5    5.6822                                                                 
 22.5    6.0403                                                                 
 23.5    6.4224                                                                 
 24.5    6.8281                                                                 
 25.5    7.2571                                                                 
 26.5    7.7091                                                                 
 27.5    8.1836                                                                 
 28.5    8.6802                                                                 
 29.5    9.1986                                                                 
&                                                                               
# BAND: 35   K =-11/2                                                           
  5.5    4.3387                                                                 
  6.5    4.3339                                                                 
  7.5    4.3373                                                                 
  8.5    4.3516                                                                 
  9.5    4.3793                                                                 
 10.5    4.4226                                                                 
 11.5    4.4834                                                                 
 12.5    4.5634                                                                 
 13.5    4.6642                                                                 
 14.5    4.7867                                                                 
 15.5    4.9325                                                                 
 16.5    5.1012                                                                 
 17.5    5.2954                                                                 
 18.5    5.5122                                                                 
 19.5    5.7571                                                                 
 20.5    6.0221                                                                 
 21.5    6.3194                                                                 
 22.5    6.6313                                                                 
 23.5    6.9824                                                                 
 24.5    7.3382                                                                 
 25.5    7.7447                                                                 
 26.5    8.1404                                                                 
 27.5    8.6039                                                                 
 28.5    9.0346                                                                 
 29.5    9.5571                                                                 
&                                                                               
# BAND: 36   K =  1/2                                                           
  0.5    3.5874                                                                 
  1.5    3.5922                                                                 
  2.5    3.6010                                                                 
  3.5    3.6136                                                                 
  4.5    3.6314                                                                 
  5.5    3.6546                                                                 
  6.5    3.6846                                                                 
  7.5    3.7224                                                                 
  8.5    3.7687                                                                 
  9.5    3.8251                                                                 
 10.5    3.8920                                                                 
 11.5    3.9709                                                                 
 12.5    4.0625                                                                 
 13.5    4.1678                                                                 
 14.5    4.2878                                                                 
 15.5    4.4234                                                                 
 16.5    4.5759                                                                 
 17.5    4.7461                                                                 
 18.5    4.9354                                                                 
 19.5    5.1448                                                                 
 20.5    5.3752                                                                 
 21.5    5.6279                                                                 
 22.5    5.9034                                                                 
 23.5    6.2028                                                                 
 24.5    6.5264                                                                 
 25.5    6.8746                                                                 
 26.5    7.2481                                                                 
 27.5    7.6464                                                                 
 28.5    8.0701                                                                 
 29.5    8.5187                                                                 
